1604202278.752324,0.0,0.0,0.0,1.4524373213109376,0.9689343099813358,0.8967359206436916,
1604202278.9531746,0.0,0.0,0.0,1.4520429343026817,0.969376623802237,0.8967359206436916,
1604202279.1585906,0.0,0.0,0.0,1.4511134660610534,0.9682771782212435,0.8901160708141768,
1604202279.3633046,0.0,0.0,0.0,1.4560463087927524,0.9756184734347649,0.8851558769077079,
1604202279.5686772,0.0,0.0,0.0,1.4567519686839496,0.992145104254696,0.8801030548412797,
1604202279.7692318,0.0,0.0,0.0,1.454150543609957,1.0058041006479341,0.8709016255981135,
1604202279.9741518,0.0,0.0,0.0,1.4497098760067282,1.0050625559709288,0.8747015389410286,
1604202280.1789396,0.0,0.0,0.0,1.4471602313505623,1.0029566567581931,0.8773191386226304,
1604202280.3964524,0.0,0.0,0.0,1.446196410513013,0.9880645792907663,0.8748162909106106,
1604202280.5813134,0.0,0.0,0.0,1.4532016422741538,0.9861054237088411,0.8784140419963145,
1604202280.782257,0.0,0.0,0.0,1.4569860783422952,0.9812196716669894,0.8762553651576338,
1604202280.9844506,0.0,0.0,0.0,1.4549826957507483,0.9864381731008626,0.8720091841552197,
1604202281.190009,0.0,0.0,0.0,1.4453408054162324,0.9860144850092233,0.8746565893912931,
1604202281.395411,0.0,0.0,0.0,1.424809693285895,0.9821306655210502,0.868739119671297,
1604202281.598245,0.0,0.0,0.0,1.4079181676357369,0.9767276663662916,0.8711603662303505,
1604202281.803651,0.0,0.0,0.0,1.3862559415646913,0.9729485146260989,0.8656215224392689,
1604202282.0095482,0.0,0.0,0.0,1.3672779316089556,0.9590350153623789,0.8659991110529471,
1604202282.211625,0.0,0.0,0.0,1.3666580996548723,0.9583032405360935,0.8657662340382614,
1604202282.415014,0.0,0.0,0.0,1.3703211401206525,0.938820320177608,0.8741709181711245,
1604202282.618536,0.0,0.0,0.0,1.3750745161577078,0.922533926383218,0.8926825489265564,
1604202282.8217518,0.0,0.0,0.0,1.3750745161577078,0.9023223030981602,0.8892506320893393,
1604202283.024875,0.0,0.0,0.0,1.3534353639556969,0.8664367371266113,0.9066535223139345,
1604202283.2302828,0.0,0.0,0.0,1.3421530919678875,0.8186362879243693,0.9227012950796596,
1604202283.4306295,0.0,0.0,0.0,1.3393323059481794,0.7964440388588192,0.9202797060842102,
1604202283.6317117,0.0,0.0,0.0,1.323581641770723,0.79470889069835,0.9111960931267762,
1604202283.8442624,0.0,0.0,0.0,1.3243794138390579,0.7924698545453058,0.9115547570406303,
1604202284.116734,0.0,0.0,0.0,1.3311472800283426,0.80022271978654,0.9033496963115643,
1604202284.2500455,0.0,0.0,0.0,1.302355593242135,0.762810612046599,0.907249137030122,
1604202284.4542115,0.0,0.0,0.0,1.2574145861288546,0.7486418592895429,0.9067440633817251,
1604202284.6552472,0.0,0.0,0.0,1.2090081783336877,0.7050222076434599,0.9073791622058976,
1604202284.8584342,0.0,0.0,0.0,1.1765336737855085,0.6541621284376228,0.9174534131564228,
1604202285.0602553,-1.1631186091987337e-05,0.002968754073741905,0.00022182629674140402,1.1544371329014207,0.6207399363198287,0.9153857229775266,
1604202285.280973,0.0004940621731685497,0.007720013853508462,0.0006933168979834667,1.1389676470420482,0.6025528317222634,0.9089728880106105,
1604202285.484575,0.0019796109549113823,0.011643435961280757,0.0013294739554795627,1.1226386508732904,0.5911202358338804,0.9037785633867121,
1604202285.6899533,0.0019796109549113823,0.011643435961280757,0.0013294739554795627,1.0695753030691584,0.5911202358338804,0.8960972796269864,
1604202285.8951786,0.0035435384704430306,0.016901110486689033,0.0019815303173727154,1.021900593706328,0.5786014256510856,0.885814085962572,
1604202286.1007853,0.007694837630370499,0.029844851493184305,0.0033175067361533384,0.9699182346190369,0.5541581404312743,0.8775277142363789,
1604202286.3047612,0.0164326410045718,0.04752973764758395,0.005685366359623651,0.926124445043186,0.5266805133358741,0.8798711382064095,
1604202286.505484,0.02381937961537004,0.05191581716561448,0.007163988261162752,0.899180118362202,0.5181090640172782,0.8891250422454465,
1604202286.7062674,0.033690502648384475,0.05866405212313245,0.00891466953062142,0.8628745355534028,0.5058826398913377,0.8943316658493234,
1604202286.9086564,0.04252631051106234,0.06322856413603765,0.01050729592712098,0.8326242567211083,0.49652937816909243,0.8969475707056838,
1604202287.114017,0.03834951980509763,0.0483049859802621,0.008243897240306521,0.8153359253041552,0.5126181931408049,0.8863183853327695,
1604202287.3185112,0.03817029939774677,0.02856421541753782,0.006285759937248144,0.757022783177331,0.529786602632094,0.8654920874169638,
1604202287.5222836,0.04964818848724801,0.035115798761465485,0.008407285778459726,0.6923853882385433,0.5135465981346425,0.8688822596335467,
1604202287.7232485,0.05200284296224651,0.02722091245369005,0.008407854092638632,0.648808584843885,0.5159527679272453,0.8702473777300029,
1604202287.9286315,0.06570400416765076,0.024901975284601092,0.009454232968695875,0.6158538058931803,0.5073698317731011,0.8739414627055667,
1604202288.132839,0.07776928851654465,0.024436320942296724,0.010117711744495826,0.615906138454037,0.4953805709711748,0.8739414627055667,
1604202288.335731,0.140267725938571,0.025649389110725715,0.014649228413692018,0.6126823792544241,0.4405527895545942,0.8753381678325477,
1604202288.5382464,0.1554709385986168,-0.028201559365741275,0.01978452964996414,0.649753048209168,0.4238190648115764,0.8759046836660586,
1604202288.7430599,0.09240359017961057,-0.03361120349038503,0.009801552118468714,0.6979015198939347,0.47522322645730397,0.8640428071732736,
1604202288.948271,0.09485208710330971,-0.038573525919560744,0.01276134698795348,0.7505491385959379,0.4709662632372956,0.8517376489728622,
1604202289.1808386,0.018010485459584964,-0.008617472225202674,0.0020560587294803354,0.7933909449214182,0.5732240473916547,0.8463078656663106,
1604202289.3992167,0.0,0.0,0.0,0.7890835822779552,0.7069245591244704,0.8463078656663106,
1604202289.5544457,0.0,0.0,0.0,0.7451689612881529,0.8210907001941454,0.8363199862556774,
1604202289.7585006,0.0,0.0,0.0,0.6868069312778348,0.9042143376447375,0.8422115349365749,
1604202289.9666798,0.003435019830141314,0.0007111592779826785,0.0005383493090742824,0.6179287805958082,0.9010166623793466,0.8360864521675313,
1604202290.170198,0.03945402891962082,0.008803002922188987,0.006401221634943375,0.5392016667542384,0.9081521331556102,0.8359294135083226,
1604202290.3739378,0.1141953945646659,0.02403854686045032,0.02025633556433918,0.45676764926840757,0.8545119787597389,0.8432595726085003,
1604202290.5768998,0.21814551542262905,0.03989192817936881,0.05373502536887983,0.370654284544026,0.8556191008984159,0.836797358995566,
1604202290.778326,0.26046052315862017,0.07294629813644979,0.08928620039913425,0.32776586287726217,1.1058264887320661,0.8529156087479564,
1604202290.9812434,0.31004586935484796,0.10347885254833016,0.15375609305464819,0.2636051113494227,1.2067246039561303,0.8387748100973794,
1604202291.1864626,0.34041196575314236,0.08571557394940225,0.21521661062156622,0.2004328737826555,1.1951437682913326,0.8413942082935189,
1604202291.3995197,0.34041196575314236,0.08571557394940225,0.21521661062156622,0.2004328737826555,1.1951437682913326,0.8420220978783786,
1604202291.605315,0.333546894582527,-0.10562041807151158,0.23488758442347088,0.17084410542873302,1.082774853869658,0.8348054380101645,
1604202291.8064241,0.23131686235867469,-0.27300276894720016,0.12116369481183688,0.25834173999673726,1.099884409674036,0.8387791265627695,
1604202292.007474,0.23131686235867469,-0.27300276894720016,0.12116369481183688,0.25834173999673726,1.0785838125005798,0.8387791265627695,
1604202292.212881,0.12062462276591238,-0.10979474805899396,0.03740735261589873,0.4158671578963095,1.0798258001810492,0.8337141234181076,
1604202292.418273,0.059469353583756816,-0.045227748861175,0.018727314007062356,0.49518725823422904,1.081236925543264,0.8340857230440121,
1604202292.6185927,0.06242197378699857,-0.05197009109722581,0.020640201352616856,0.48813243236512827,1.0902639882722296,0.8172606769439446,
1604202292.8228202,0.029192006878124815,-0.02347876140128771,0.011141398967388805,0.5406092874961462,1.1129670981754622,0.7981167351195763,
1604202293.0281782,0.0009716449707982564,-0.0007943268130263257,0.00044298870335008803,0.6300830108924131,1.1467621463944317,0.8067450853357452,
1604202293.230095,0.0,0.0,0.0,0.6832328275110856,1.1843387579694877,0.7976129207099792,
1604202293.435403,0.0,0.0,0.0,0.723509108477891,1.2142686671205296,0.7995900586289245,
1604202293.6411166,0.0,0.0,0.0,0.7261662300985425,1.225287097027112,0.809382983026548,
1604202293.8529367,0.0,0.0,0.0,0.7261662300985425,1.2142281422600885,0.8063923132362834,
1604202294.065319,0.0,0.0,0.0,0.716083974143034,1.111593630737965,0.8188190589165679,
1604202294.2861836,0.0,0.0,0.0,0.7961612262135687,1.2184865524523127,0.8451655916236774,
1604202294.489201,0.0,0.0,0.0,0.8001435884629664,1.185160811907509,0.8436470206687314,
1604202294.6895683,0.0,0.0,0.0,0.8030008501108375,1.1989347178080925,0.8532325043375858,
1604202294.8949244,0.0,0.0,0.0,0.7742955948299628,1.1763355695527689,0.8532325043375858,
1604202295.1002696,0.0,0.0,0.0,0.775120293508676,1.176426081035208,0.8709705723073279,
1604202295.3037317,0.0,0.0,0.0,0.7945619463742697,1.1924845099001886,0.8929776706877711,
1604202295.5040517,0.0,0.0,0.0,0.8463114508798492,1.2196197655095338,0.9063123388855627,
1604202295.7093992,0.0,0.0,0.0,0.8496566011673361,1.2088859767567304,0.9181287288859596,
1604202295.9527667,0.0,0.0,0.0,0.9099572292612401,1.2423202912586822,0.919939450701023,
1604202296.1124933,0.0,0.0,0.0,0.9001715430904971,1.2125054284062076,0.919939450701023,
1604202296.317869,0.0,0.0,0.0,0.9416970359251834,1.189019689376742,0.901636098228627,
1604202296.5234659,0.0,0.0,0.0,0.965220567540732,1.1448574177426212,0.8702437761708297,
1604202296.725695,0.0,0.0,0.0,0.9568998727482295,1.0867583336682711,0.8324002018857317,
1604202296.9275372,0.0,0.0,0.0,1.024705946240529,1.076919169978664,0.861887151697291,
1604202297.1281035,0.0,0.0,0.0,1.0572130758238898,1.0297209622564891,0.9021564493888736,
1604202297.3289695,0.0,0.0,0.0,1.0693056254651392,1.0169108132842812,0.8940926085009838,
1604202297.5343697,0.0,0.0,0.0,1.0986361715980237,0.9866703054078134,0.981277106520745,
1604202297.7352927,0.0,0.0,0.0,1.1164006522060073,0.9541458566114259,1.0706041562110142,
1604202297.940696,0.0,0.0,0.0,1.1126110302041325,0.937794647922455,1.1539845787471796,
1604202298.1438258,0.0,0.0,0.0,1.1223067804061122,0.9388718064825539,1.0519485967897146,
1604202298.344537,0.0,0.0,0.0,1.0947948983815772,0.9525238504263928,1.0411220838326898,
1604202298.5489976,0.0,0.0,0.0,1.0515503688927075,0.9513109852212959,1.061840414832935,
1604202298.753067,0.0,0.0,0.0,1.0032148359980937,0.8901728035726637,1.1179295523856467,
1604202298.9575024,0.0,0.0,0.0,1.0076372241292721,0.853202832195726,1.110741088967846,
1604202299.1625717,0.0,0.0,0.0,0.9463176735455376,0.8616471388221514,1.151626574555177,
1604202299.3646686,0.0,0.0,0.0,0.9208856355141498,0.8827856568634341,1.188949086055391,
1604202299.5667062,0.0,0.0,0.0,0.9154154432408552,0.9104198546151745,1.1922501508251158,
1604202299.7709842,0.0,0.0,0.0,0.9004129702944542,0.8820246224170334,1.1779289024873159,
1604202299.9869633,0.0,0.0,0.0,0.9736698153210701,0.9234139668705087,1.157073230849475,
1604202300.1804466,0.0,0.0,0.0,1.085658390480205,0.9760483598115158,1.1046088649875803,
1604202300.3847818,0.0,0.0,0.0,1.1929785990904387,1.0234868755062039,1.069099252168042,
1604202300.5887175,0.0,0.0,0.0,1.2401309949840735,1.0097376898702846,0.986398193888538,
1604202300.7910292,0.0,0.0,0.0,1.2451576295159865,0.9878517729803483,0.9505032192762216,
1604202300.9947302,0.0,0.0,0.0,1.2645027477268773,0.9268798100725014,0.8583283019391278,
1604202301.2182913,0.0,0.0,0.0,1.3018292576908543,0.8413334030676468,0.8055176174587687,
1604202301.4240234,0.0,0.0,0.0,1.3506351476305312,0.8153122636318372,0.7716534745856866,
1604202301.6291614,0.0,0.0,0.0,1.4150957597468148,0.8259283358141167,0.7508978931165435,
1604202301.829727,0.0,0.0,0.0,1.4989712209200041,0.8763876152494346,0.7383402109685583,
1604202302.0341158,0.0,0.0,0.0,1.5455916356829142,0.8967599931527532,0.7366460360167983,
1604202302.2474017,0.0,0.0,0.0,1.5907548331859478,0.9133374286332759,0.7831855991360056,
1604202302.4517426,0.0,0.0,0.0,1.6704480087280429,0.963671165356891,0.8127964929330723,
1604202302.6569188,0.0,0.0,0.0,1.711278117675136,1.056116732100364,0.8489383288458108,
1604202302.8613203,0.0,0.0,0.0,1.7299571939641856,1.0766355171600261,0.9068573133165292,
1604202303.0665886,0.0,0.0,0.0,1.7393381823101675,1.084495290607401,0.9458381250456402,
1604202303.269226,0.0,0.0,0.0,1.781018347600091,1.1215419735178842,0.9314150098718165,
1604202303.4724941,0.0,0.0,0.0,1.77088080318022,1.099108336727349,0.9600850318940015,
1604202303.6747985,0.0,0.0,0.0,1.7540003550929215,1.0594862527466131,0.9892111064674234,
1604202303.878173,0.0,0.0,0.0,1.7436992639697741,1.016752377959233,0.9787285593435353,
1604202304.081767,0.0,0.0,0.0,1.689693926071995,0.9473619038894304,1.0126391430582409,
1604202304.2846384,0.0,0.0,0.0,1.6311264699416346,0.879566513140319,1.0302520167925067,
1604202304.490235,0.0,0.0,0.0,1.5796844684582139,0.8426237921669347,1.0279439621607764,
1604202304.6940548,0.0,0.0,0.0,1.5505225709415762,0.8326915479950489,1.0229984333437288,
1604202304.8978045,0.0,0.0,0.0,1.5750274527813983,0.8456274102517539,1.0229984333437288,
1604202305.1034791,0.0,0.0,0.0,1.5962502419622837,0.8666039357603964,1.0226762172717454,
1604202305.304234,0.0,0.0,0.0,1.62426595914796,0.9218266510768238,1.0348479677350402,
1604202305.5084417,0.0,0.0,0.0,1.62426595914796,1.02720322633031,1.0348479677350402,
1604202305.711114,0.0,0.0,0.0,1.7715560261197678,1.1062907944047138,1.067025402461796,
1604202305.9163551,0.0,0.0,0.0,1.7332214289597228,1.1579751473376116,1.091087040077539,
1604202306.1387758,0.0,0.0,0.0,1.7860431405213464,1.1308241427784407,1.1361866469961475,
1604202306.3431153,0.0,0.0,0.0,1.8601540388232036,1.1777393644323448,1.0512323154240542,
1604202306.5449138,0.0,0.0,0.0,1.8823202771961551,1.1930378678015554,1.0933116366583777,
1604202306.7476263,0.0,0.0,0.0,1.8865262823037703,1.198967019912137,1.0834650320850598,
1604202306.9484472,0.0,0.0,0.0,1.914989771049145,1.2331336342826722,1.0386098754079607,
1604202307.159711,0.0,0.0,0.0,1.9013412728300332,1.23845222984321,1.0271417509387308,
1604202307.3634305,0.0,0.0,0.0,1.923927738381333,1.2672783648235346,1.0271417509387308,
1604202307.574178,0.0,0.0,0.0,1.923643621364266,1.2658935947040781,1.012385656547037,
1604202307.7849975,0.0,0.0,0.0,1.9621158578481093,1.2893606275954548,0.9850637681423338,
1604202307.989863,0.0,0.0,0.0,1.9564949701255148,1.2897213745514802,0.9896488127907853,
1604202308.1937523,0.0,0.0,0.0,1.9556253251411573,1.286909201374964,0.9588853225299666,
1604202308.3990986,0.0,0.0,0.0,1.9444518069164736,1.2748819442075625,0.9358068268957336,
1604202308.6023555,0.0,0.0,0.0,1.926942625348839,1.2647405900554844,0.9325010095101406,
1604202308.806949,0.0,0.0,0.0,1.897592446629629,1.254475652703039,0.9284365558372432,
1604202309.0089297,0.0,0.0,0.0,1.8652649807162833,1.2269228710012097,0.9601757084057896,
1604202309.211503,0.0,0.0,0.0,1.8375291524176056,1.2127236186086863,1.0072840921196857,
1604202309.4130387,0.0,0.0,0.0,1.812833178980932,1.2140326603923017,1.0655084215153383,
1604202309.6183472,0.0,0.0,0.0,1.7829742390569197,1.209850436052886,1.0623024608270741,
