1604202278.4551945,0.0,0.0,0.0,1.4632081861520059,1.4530420126455486,1.4309958929892739,
1604202278.6508927,0.0,0.0,0.0,1.4606114509032035,1.4499102219742226,1.428312423062617,
1604202278.8523612,0.0,0.0,0.0,1.4601082136214354,1.4524373213109376,1.4155463906602885,
1604202279.0688381,0.0,0.0,0.0,1.4581584458753254,1.454658916262479,1.4120406619172312,
1604202279.2603066,0.0,0.0,0.0,1.453095351942544,1.4511134660610534,1.4067521903790567,
1604202279.4656608,0.0,0.0,0.0,1.4575097747693024,1.4579493754186326,1.4207961880599442,
1604202279.7147996,0.0,0.0,0.0,1.4642249958143385,1.457937949225792,1.4279757251191083,
1604202279.8719723,0.0,0.0,0.0,1.4690564240171728,1.4497098760067282,1.427093070511987,
1604202280.0740285,0.0,0.0,0.0,1.4639422586950068,1.4471602313505623,1.4261747882138593,
1604202280.287366,0.0,0.0,0.0,1.4596740797420493,1.446196410513013,1.4222575486067914,
1604202280.479833,0.0,0.0,0.0,1.4557379717989578,1.4532016422741538,1.4196537260329742,
1604202280.6860511,0.0,0.0,0.0,1.4500789617772796,1.4565549862579745,1.4181817328666546,
1604202280.8914697,0.0,0.0,0.0,1.446157193757738,1.4548659572255178,1.4144607369920605,
1604202281.09594,0.0,0.0,0.0,1.428556344668198,1.4453408054162324,1.4096692853479889,
1604202281.3012593,0.0,0.0,0.0,1.4178921581325912,1.4308663797337668,1.3976195603848764,
1604202281.5066555,0.0,0.0,0.0,1.3967745899394497,1.4124621445731653,1.3886448466725347,
1604202281.7330313,0.0,0.0,0.0,1.3883826298043394,1.3899777371280893,1.3751350138642384,
1604202281.9187458,0.0,0.0,0.0,1.3463997438025357,1.3672779316089556,1.3625624857074043,
1604202282.64015,0.0,0.0,0.0,1.3463997438025357,1.3672779316089556,1.35891918722039,
1604202282.723654,0.0,0.0,0.0,1.3312082428606196,1.3703211401206525,1.3538685670725477,
1604202282.8431013,0.0,0.0,0.0,1.3052718175959013,1.3610558784297242,1.3371634384036746,
1604202283.0483785,0.0,0.0,0.0,1.2823650840952083,1.3534353639556969,1.3335240498667396,
1604202283.262036,0.0,0.0,0.0,1.2563448878495094,1.3421530919678875,1.3201631747594242,
1604202283.4525168,0.0,0.0,0.0,1.238192614679821,1.3393323059481794,1.3106630709387022,
1604202283.6580038,0.0,0.0,0.0,1.20664625863842,1.323581641770723,1.3011503488578358,
1604202283.8710368,0.0,0.0,0.0,1.1798927655437061,1.3313228349947426,1.3213381504326964,
1604202284.0698006,0.0,0.0,0.0,1.164156275837388,1.3311472800283426,1.3241685451350487,
1604202284.2716086,0.0,0.0,0.0,1.1178160142498137,1.302355593242135,1.2982924442622878,
1604202284.481709,0.0,0.0,0.0,1.0711633210778277,1.2574145861288546,1.2546949281939621,
1604202284.6781087,0.0,0.0,0.0,0.9823386155957935,1.181486084348639,1.171770511481112,
1604202284.8971727,0.0,0.0,0.0,0.9644129153468077,1.1765336737855085,1.171770511481112,
1604202285.092198,0.0,0.0,0.0,0.9070005734719782,1.1378521537692223,1.1341498795928555,
1604202285.291226,0.0,0.0,0.0,0.8690187216320141,1.1378521537692223,1.1271532675631526,
1604202285.4950538,0.0,0.0,0.0,0.7913204271859441,1.1226386508732904,1.120382467669583,
1604202285.7013428,0.0,0.0,0.0,0.7468414878259295,1.0695753030691584,1.070196781906407,
1604202285.9007225,0.0,0.0,0.0,0.6955352077643658,1.021900593706328,1.01783455734423,
1604202286.106195,-0.0002300321713778965,-1.436579427144293e-05,-6.5020627945890414e-06,0.6418950944563863,0.9699182346190369,0.9680719319609983,
1604202286.3115897,-0.015622599465956644,-0.0010644598710195024,-0.0006019157441564422,0.5824131810526859,0.926124445043186,0.9456453595417774,
1604202286.515693,-0.05639809023266748,-0.005404250641586821,-0.0019165689164651217,0.519530297512726,0.899180118362202,0.9106419775218321,
1604202286.7176445,-0.14197065946701046,-0.015577417221091287,-0.004998254503376454,0.4374270246876717,0.841168253070331,0.8929493995594334,
1604202286.9295974,-0.19739742245983183,-0.030104017316361205,-0.004941994944771899,0.3942444602863178,0.8153359253041552,0.8752714237183957,
1604202287.119664,-0.250087939272341,-0.04981353813193893,-0.006919394427297161,0.3553504238376694,0.8153359253041552,0.8475309465929087,
1604202287.325002,-0.3792743639233771,-0.18914635254851256,-0.0025041608764888963,0.23203572138302433,0.757022783177331,0.7848222153159269,
1604202287.5333965,-0.44508397337538513,-0.1175044080203243,0.005850785239565949,0.190310838668176,0.6923853882385433,0.7371170825020141,
1604202287.7286513,-0.4552058292203544,-0.020668041578227717,-0.021710629508296407,0.11697803261609703,0.6232479231913711,0.6565595145840077,
1604202287.9343817,-0.42782021099653456,-0.13406788203080308,-0.01083121716175124,0.10968929750696034,0.6229349144648958,0.6320042455742622,
1604202288.1556354,-0.39459923757038196,-0.24024540052417412,-0.03552535102824618,0.12361166687369922,0.615906138454037,0.6320042455742622,
1604202288.3998284,-0.37880538282952464,-0.27008301564285175,-0.048296335368986025,0.18426453460330375,0.6126823792544241,0.6154652042448285,
1604202288.5468245,-0.20489778873777445,-0.2493583906642593,-0.027565539930796405,0.3148103506364407,0.649753048209168,0.5736714375204326,
1604202288.7522373,-0.1276183179044803,-0.24951365838563355,-0.040079760882323415,0.37187376228513996,0.6979015198939347,0.49499794716354595,
1604202288.9539077,-0.11065796927166725,-0.24877383961874627,-0.04098061826472226,0.4133655200847561,0.7626668992726461,0.44025937387154024,
1604202289.159299,-0.09127134083308172,-0.3164075984186115,-0.06603848092828393,0.4247547895265249,0.7933909449214182,0.3882948025468759,
1604202289.3761702,-0.04803374831723724,-0.35989632007539574,-0.07360019106144675,0.4201493363839374,0.7890835822779552,0.3766548619496788,
1604202289.5644755,0.039753180753076316,-0.33254700055781494,-0.07740013257779779,0.4523075054262428,0.7494627432203246,0.3705190821224056,
1604202289.7694798,0.07628908568271633,-0.21692674275384738,-0.04963421498427726,0.5012109407642515,0.6840523814039874,0.41634233305139184,
1604202289.9860168,0.09456434489005472,-0.17239119475014872,-0.03721544600054029,0.5095072723344409,0.6179287805958082,0.4389064606598471,
1604202290.1802368,0.044395203482561284,-0.11009238796221692,-0.03196264658560762,0.5567467192395675,0.5392016667542384,0.4675139826285917,
1604202290.3842041,-0.049311072294169124,-0.08640049973998842,-0.03062791921148138,0.5611937270640917,0.45676764926840757,0.5076268689699034,
1604202290.5888937,-0.16547210546950136,-0.06717272905271374,-0.04740091091904836,0.6061591873601505,0.392252042611143,0.568862613900174,
1604202290.7942357,-0.25980026694797265,-0.07331282141850241,-0.08944195938960699,0.9172078572640214,0.32776586287726217,0.6350468714900546,
1604202290.9983587,-0.31004586935484796,-0.10347885254833016,-0.15375609305464819,1.0606182013534398,0.2636051113494227,0.6915308293071168,
1604202291.20213,-0.34041196575314236,-0.08571557394940225,-0.2,1.0670079898437421,0.2004328737826555,0.7291311359624157,
1604202291.4074397,-0.3441470593380261,0.0318834737883129,-0.2,1.0602114224561925,0.1724151871762248,0.7296024244398825,
1604202291.6111279,-0.291701136796523,0.2432733930145357,-0.19745865209930533,0.9191638855515536,0.18738863636884914,0.7115573562911768,
1604202291.8323543,-0.2581135465524907,0.2772119237991564,-0.13397737825498066,0.8713764236888872,0.2365931118410808,0.6802910645685134,
1604202292.0279956,-0.194378866075595,0.20235104197285514,-0.07702843337753203,0.7909625142135287,0.32466299984051344,0.6233933413369335,
1604202292.2297993,-0.09568682483642114,0.11588833948568879,-0.04246388810324897,0.7107007007599737,0.4158671578963095,0.5616643134278165,
1604202292.4505506,-0.009217030852247336,0.06498880739267121,-0.03332359188985049,0.6392191706847973,0.49518725823422904,0.5191154183023139,
1604202292.6453323,0.04851520365273286,0.051298333114556546,-0.039961810994583194,0.6046317791231576,0.5434630406708534,0.4873148273412724,
1604202292.847361,0.06340947053166578,0.04194677674745669,-0.03758802204249417,0.5922749442362671,0.58718277366412,0.4891904087055619,
1604202293.055549,0.03883365355665049,0.023350505826769192,-0.018859544956050394,0.601591803912152,0.6349665802300996,0.5319903439719132,
1604202293.251548,0.00332244461291035,0.0018702790314948066,-0.0012464508701960574,0.6299736184313969,0.6832328275110856,0.6196440140795243,
1604202293.4564605,0.0,0.0,0.0,0.6662451928666527,0.723509108477891,0.6815705602144472,
1604202293.6626635,0.0,0.0,0.0,0.7147006718576998,0.7261662300985425,0.7736679428748108,
1604202293.8628695,0.0,0.0,0.0,0.6700671934232211,0.7261662300985425,0.8198946266863524,
1604202294.0651186,0.0,0.0,0.0,0.7099809420819254,0.716083974143034,0.84042807509212,
1604202294.2808578,0.0,0.0,0.0,0.8258069521205678,0.7538186390421874,0.8754646869633022,
1604202294.4736273,0.0,0.0,0.0,0.8339513141836002,0.8001435884629664,0.9265227158113806,
1604202294.6790187,0.0,0.0,0.0,0.8410224669571329,0.7730621439296808,0.9167805421722763,
1604202294.8822014,0.0,0.0,0.0,0.8166908602015654,0.7742955948299628,0.933677980376664,
1604202295.0875065,0.0,0.0,0.0,0.7820157067922993,0.775120293508676,0.9133488144262062,
1604202295.2928658,0.0,0.0,0.0,0.7662763305883761,0.7606701098977189,0.920419388858503,
1604202295.498325,0.0,0.0,0.0,0.7738447373871421,0.7949832356529165,0.9566540160603063,
1604202295.7890937,0.0,0.0,0.0,0.8430909492944588,0.8424382343604901,1.0801156281736268,
1604202295.9012501,0.0,0.0,0.0,0.8430909492944588,0.9099572292612401,1.1220073755588338,
1604202296.111918,0.0,0.0,0.0,0.8442581034272806,0.9001715430904971,1.1476898623878897,
1604202296.3120255,0.0,0.0,0.0,0.8369621635160677,0.9416970359251834,1.2112926082747228,
1604202296.5145702,0.0,0.0,0.0,0.8753506017152226,0.965220567540732,1.3081242552780368,
1604202296.7259555,0.0,0.0,0.0,0.8641454955859706,0.9692343463425672,1.3359576186156732,
1604202296.9330342,0.0,0.0,0.0,0.8977477352031196,1.024705946240529,1.475842190777207,
1604202297.134028,0.0,0.0,0.0,0.9252730289531624,1.0572130758238898,1.6021820251038583,
1604202297.344926,0.0,0.0,0.0,0.963947686636086,1.0759394789847765,1.635445991774816,
1604202297.5403423,0.0,0.0,0.0,0.9757056504730579,1.0986361715980237,1.7442994103619591,
1604202297.740878,0.0,0.0,0.0,0.9913474513078587,1.1164006522060073,1.8455432972646078,
1604202297.9570255,0.0,0.0,0.0,0.9830388653706649,1.1126110302041325,1.9242255901332486,
1604202298.157472,0.0,0.0,0.0,0.9736911238054868,1.1223067804061122,1.958698823988161,
1604202298.3602514,0.0,0.0,0.0,0.9520842279230598,1.0947948983815772,1.9438168472549746,
1604202298.5757024,0.0,0.0,0.0,0.9327304734432833,1.0515503688927075,1.9330267917864536,
1604202298.7696583,0.0,0.0,0.0,0.8850227912501377,1.0032148359980937,1.9468738585463277,
1604202298.973272,0.0,0.0,0.0,0.8291777032799623,1.0076372241292721,1.9477365156428499,
1604202299.1785645,0.0,0.0,0.0,0.8133340718235637,0.9463176735455376,1.9220289125117744,
1604202299.3838234,0.0,0.0,0.0,0.8205075054049501,0.8995657999701095,1.8756250229049465,
1604202299.5886261,0.0,0.0,0.0,0.8407334390471697,0.8996948676947087,1.8734778572360624,
1604202299.7953496,0.0,0.0,0.0,0.8575432959508976,0.9004129702944542,1.865986569463162,
1604202300.0006764,0.0,0.0,0.0,0.8430824842215228,0.9736698153210701,1.86783449886814,
1604202300.2004402,0.0,0.0,0.0,0.8359629942745896,1.085658390480205,1.8874766249332562,
1604202300.426051,0.0,0.0,0.0,0.8360418827290582,1.1929785990904387,1.9188564428233081,
1604202300.610328,0.0,0.0,0.0,0.8743869960845647,1.2040761184331807,1.9471076810643815,
1604202300.8121052,0.0,0.0,0.0,0.9083021255721454,1.2615425381428698,1.9998409544146536,
1604202301.0174763,0.0,0.0,0.0,0.9083021255721454,1.2645027477268773,1.9880197886182833,
1604202301.2179585,0.0,0.0,0.0,0.8510027683839866,1.2962116924381921,2.0361972831773594,
1604202301.423339,0.0,0.0,0.0,0.843107322770498,1.3340696381039858,2.0765475993729905,
1604202301.6444151,0.0,0.0,0.0,0.8459066303516584,1.3920325297685148,2.1309553574936353,
1604202301.8299704,0.0,0.0,0.0,0.8332492639952302,1.481906260508611,2.1986336039388066,
1604202302.033876,0.0,0.0,0.0,0.8178336481298517,1.5455916356829142,2.2469612507899037,
1604202302.2416046,0.0,0.0,0.0,0.8203227277002516,1.6054918159976088,2.3472789935405287,
1604202302.4406004,0.0,0.0,0.0,0.8299392223774503,1.6704480087280429,2.4578862005018274,
1604202302.6415613,0.0,0.0,0.0,0.8155033187122398,1.711278117675136,2.5395523300857503,
1604202302.8502507,0.0,0.0,0.0,0.8522749654906909,1.7299571939641856,2.6103118286147775,
1604202303.050258,0.0,0.0,0.0,0.8617781077936129,1.7393381823101675,2.6454113068857548,
1604202303.2536776,0.0,0.0,0.0,0.8485903458541638,1.781018347600091,2.6555415319457847,
1604202303.4648464,0.0,0.0,0.0,0.8679681156192758,1.77088080318022,2.683060807220534,
1604202303.66496,0.0,0.0,0.0,0.8445737333002967,1.7831864939722817,2.6834704985816735,
1604202303.8662596,0.0,0.0,0.0,0.8502205370543556,1.7436992639697741,2.672659783236,
1604202304.0704525,0.0,0.0,0.0,0.8520898730277414,1.689693926071995,2.661216895102168,
1604202304.279267,0.0,0.0,0.0,0.8567069815732928,1.6311264699416346,2.628879507523046,
1604202304.48187,0.0,0.0,0.0,0.8519430741093192,1.6253642930255014,2.5844331917449614,
1604202304.693729,0.0,0.0,0.0,0.8221706134511845,1.5852892640968437,2.541699299645481,
1604202304.8873308,0.0,0.0,0.0,0.8085886535826965,1.5750274527813983,2.569033269829224,
1604202305.0879393,0.0,0.0,0.0,0.8043977162535366,1.5962502419622837,2.590286724314805,
1604202305.3153934,0.0,0.0,0.0,0.7933404208317186,1.6521063629545267,2.6280919625851165,
1604202305.4984946,0.0,0.0,0.0,0.8074123536541705,1.7162475249103883,2.7199413750575343,
1604202305.7011209,0.0,0.0,0.0,0.8146269087482542,1.7715560261197678,2.788503942721174,
1604202305.9103281,0.0,0.0,0.0,0.776430914364488,1.7332214289597228,2.767383470674087,
1604202306.106396,0.0,0.0,0.0,0.8265713982218955,1.8239977580336486,2.8482775287223028,
1604202306.3114843,0.0,0.0,0.0,0.8374850618969971,1.8601540388232036,2.8386832349326525,
1604202306.5178368,0.0,0.0,0.0,0.8326719351445613,1.91760585678707,2.895453051118328,
1604202306.7155597,0.0,0.0,0.0,0.8171979763267769,1.92543618252288,2.888002744649575,
1604202306.926508,0.0,0.0,0.0,0.8038208634175599,1.914989771049145,2.872681746608177,
1604202307.1431243,0.0,0.0,0.0,0.7886218862282207,1.9013412728300332,2.853144967119686,
1604202307.3430178,0.0,0.0,0.0,0.809524053289119,1.9515649368019312,2.907588478516027,
1604202307.547898,0.0,0.0,0.0,0.7985791319156064,1.9561400061737912,2.893707061616407,
1604202307.7947438,0.0,0.0,0.0,0.7901583091071516,1.9596781548549713,2.870031485211093,
1604202307.9740973,0.0,0.0,0.0,0.7903777018113474,1.9607929555921713,2.8613351497031703,
1604202308.63572,0.0,0.0,0.0,0.8174592214544815,1.9564949701255148,2.8282399934413025,
1604202308.9082499,0.0,0.0,0.0,0.8603532534841742,1.926942625348839,2.768966586283358,
1604202309.0448434,0.0,0.0,0.0,0.8395028690952612,1.897592446629629,2.726698210514676,
1604202309.4765806,0.0,0.0,0.0,0.8520450033432427,1.8652649807162833,2.722005381353919,
