1604202278.763769,0.0,0.0,0.0,1.4155463906602885,1.7547272151040554,0.8967359206436916,
1604202279.0582128,0.0,0.0,0.0,1.4120406619172312,1.7549343547382537,0.8967359206436916,
1604202279.1711564,0.0,0.0,0.0,1.4067521903790567,1.74504374765846,0.8901160708141768,
1604202279.3736353,0.0,0.0,0.0,1.418484723184292,1.748321890376551,0.8851558769077079,
1604202279.574463,0.0,0.0,0.0,1.4261442010766996,1.7637941798043812,0.8801030548412797,
1604202279.7792642,0.0,0.0,0.0,1.4279757251191083,1.7732464282924034,0.8709016255981135,
1604202279.9841814,0.0,0.0,0.0,1.427093070511987,1.7764891179609181,0.8747015389410286,
1604202280.1847541,0.0,0.0,0.0,1.4221198581523333,1.7743524895885436,0.8773191386226304,
1604202280.3904903,0.0,0.0,0.0,1.4167658899818634,1.7540145523370758,0.8748162909106106,
1604202280.5927808,0.0,0.0,0.0,1.4196537260329742,1.7458094351537465,0.8784140419963145,
1604202280.7980525,0.0,0.0,0.0,1.4144607369920605,1.742670622666708,0.8762553651576338,
1604202281.0003862,0.0,0.0,0.0,1.4096692853479889,1.7422120950682516,0.8746565893912931,
1604202281.2062774,0.0,0.0,0.0,1.407845586894776,1.7447920276579885,0.8751077774658811,
1604202281.4168568,0.0,0.0,0.0,1.403693469652875,1.7288231433700842,0.868739119671297,
1604202281.62762,0.0,0.0,0.0,1.3751350138642384,1.736120026474175,0.8711603662303505,
1604202281.8320081,0.0,0.0,0.0,1.3777580926146147,1.727610482742456,0.8715300727625211,
1604202282.0376453,0.0,0.0,0.0,1.35891918722039,1.709275700955049,0.8657607854712225,
1604202282.3028948,0.0,0.0,0.0,1.35891918722039,1.709275700955049,0.8657662340382614,
1604202282.44453,0.0,0.0,0.0,1.3538685670725477,1.6894703132589746,0.8726899736051694,
1604202282.6498811,0.0,0.0,0.0,1.3538685670725477,1.6894703132589746,0.8726899736051694,
1604202282.854066,0.0,0.0,0.0,1.3465501097724621,1.6622468912420445,0.8892506320893393,
1604202283.0593975,0.0,0.0,0.0,1.3257860268917032,1.6370480008339672,0.9052280293132652,
1604202283.2622607,0.0,0.0,0.0,1.3106630709387022,1.5959267814433529,0.9148737500662577,
1604202283.462904,0.0,0.0,0.0,1.3106630709387022,1.5761870192543086,0.9202797060842102,
1604202283.6682682,0.0,0.0,0.0,1.3011503488578358,1.5602983948138565,0.9111960931267762,
1604202283.881227,0.0,0.0,0.0,1.307128340933463,1.5498418931245104,0.9115547570406303,
1604202284.086564,0.0,0.0,0.0,1.3241685451350487,1.5437794589702694,0.9033496963115643,
1604202284.2925427,0.0,0.0,0.0,1.2982924442622878,1.5028214477346107,0.907249137030122,
1604202284.4978156,0.0,0.0,0.0,1.2546949281939621,1.4811323838385901,0.9067440633817251,
1604202284.699309,0.0,0.0,0.0,1.2024678561322868,1.4190819657625937,0.9073791622058976,
1604202284.9028695,0.0,0.0,0.0,1.1640794576887599,1.3709952317220984,0.9118638614261177,
1604202285.1081975,0.0,0.0,0.0,1.1443754508389,1.3288781836588812,0.9153857229775266,
1604202285.3135517,0.0,0.0,0.0,1.1271532675631526,1.2810701132385505,0.9081565709563536,
1604202285.5161452,0.0,0.0,0.0,1.106764653155575,1.2132218354348243,0.8960972796269864,
1604202285.7280881,0.0,0.0,0.0,1.070196781906407,1.2132218354348243,0.8960972796269864,
1604202285.933113,0.0,0.0,0.0,1.01783455734423,1.1753918216266805,0.885814085962572,
1604202286.1339445,0.0,0.0,0.0,0.9680719319609983,1.1305734515073975,0.8775277142363789,
1604202286.3495278,0.0,0.0,0.0,0.9332356512692572,1.0837610225541452,0.881466638851586,
1604202286.5531442,0.0,0.0,0.0,0.9106419775218321,1.0383861652936872,0.8891250422454465,
1604202286.800394,0.0,0.0,0.0,0.8993592962688646,1.0018393714390528,0.8943316658493234,
1604202286.96067,0.0,0.0,0.0,0.8817757422120324,0.964648691528358,0.8969475707056838,
1604202287.1770477,0.0,0.0,0.0,0.8475309465929087,0.9109217080618838,0.8863183853327695,
1604202287.3931875,0.0,0.0,0.0,0.7848222153159269,0.7641337872843709,0.8654920874169638,
1604202287.5936348,0.0,0.0,0.0,0.7131946654324367,0.6994883940518981,0.8559612218947756,
1604202287.795669,0.0,0.0,0.0,0.6565595145840077,0.6607841326228966,0.8702473777300029,
1604202288.0001829,-0.002068624056779615,0.0036499607290044023,0.0007021423394987176,0.6320042455742622,0.6197785488454663,0.8739414627055667,
1604202288.2043707,-0.00798984299693673,0.011178586791535109,0.0022379110488704623,0.6246101764601614,0.5912640294305684,0.8736996456110394,
1604202288.4054937,-0.027746074601960418,0.03034910693111099,0.007638076248852481,0.6063179206961069,0.5464128820475415,0.8759046836660586,
1604202288.6100488,-0.10145447789449809,0.09647755896336116,0.029607050829450837,0.5230229128197516,0.47579535129289485,0.8668447016440634,
1604202288.8151667,-0.193009708842389,0.20048180645908698,0.0653614137721402,0.44025937387154024,0.39857076652239193,0.8586271536726279,
1604202289.0167186,-0.32231051508411945,0.20901788180441716,0.10943943033744691,0.44025937387154024,0.30311733761831366,0.8517376489728622,
1604202289.2189858,-0.3147733252795042,0.23132544196064186,0.1389519859220909,0.3882948025468759,0.3061085407393181,0.8463078656663106,
1604202289.421516,-0.36263054498765884,0.09988420798753644,0.24828253444769743,0.3516484640411511,0.22335458581215312,0.8400385128500173,
1604202289.625487,-0.21532945259939457,-0.07624814905149113,0.30774027764876116,0.3705190821224056,0.19592217271621934,0.8363199862556774,
1604202289.8263388,-0.04230780153974316,-0.14534173856206592,0.2980035324702646,0.392777741398148,0.20280248697521905,0.8360864521675313,
1604202290.0309558,-0.015138264190734177,-0.15507939760839246,0.30642859775314185,0.4159769467309176,0.19104298738848136,0.8273102645598849,
1604202290.2325523,-0.09474741014538697,-0.10763030032615738,0.3337452310244605,0.4675139826285917,0.2028747420496844,0.8359294135083226,
1604202290.4378636,-0.13136925755097184,-0.1347553070930197,0.22690716126936297,0.5076268689699034,0.2947102266633895,0.8432595726085003,
1604202290.6428099,-0.10989167554207761,-0.16748728441072547,0.18116724669369935,0.5732733140690943,0.3180367152391125,0.8609537958048087,
1604202290.8489587,0.009334353422786256,-0.059054516067487295,0.03641644678826604,0.6350468714900546,0.4967597935400809,0.8529156087479564,
1604202291.0512202,0.008450221404861036,-0.024372369454900497,0.013062238218500456,0.698356662776399,0.5541769764334892,0.8542393820941392,
1604202291.2658331,0.02203642856776751,-0.043201388853130664,0.02680511687398567,0.7248730498261957,0.5153819413722667,0.8420220978783786,
1604202291.4711695,0.02203642856776751,-0.043201388853130664,0.02680511687398567,0.7248730498261957,0.5153819413722667,0.8420220978783786,
1604202291.6746836,0.07072367050366059,-0.15227174372980443,0.0880495671226482,0.7208639283856378,0.39058225514250755,0.8348054380101645,
1604202291.8758547,0.047262795897745805,-0.12396041789620449,0.06013565156954705,0.6802910645685134,0.4278578003626641,0.8282607802514171,
1604202292.127329,0.10139334600596414,-0.19735463942974152,0.08566023790832666,0.6802910645685134,0.3592184320524202,0.8387791265627695,
1604202292.2817547,0.09504899793038409,-0.21377458912560018,0.07444528361017773,0.5616643134278165,0.35403958407563374,0.8337141234181076,
1604202292.4830792,0.06356732482865213,-0.220587886022001,0.0701093529130732,0.5191154183023139,0.3643116434923281,0.8340857230440121,
1604202292.6939359,0.013025265726612861,-0.17721335071274935,0.059741378000414014,0.49852847033801356,0.41669574103221413,0.8155899292210175,
1604202292.8961504,-0.015861950762993238,-0.13283781545894846,0.05799324523710596,0.4891904087055619,0.464207554480177,0.7981167351195763,
1604202293.097045,-0.010174412022076827,-0.07426654626829163,0.02882070378096395,0.5319903439719132,0.5206817868957178,0.7976129207099792,
1604202293.3024414,0.0032242923255186404,-0.01431451911378908,0.003363636459107926,0.6196440140795243,0.5870895129248003,0.7990688455169115,
1604202293.5078688,0.002843366297939274,-0.006268863125691652,0.0010974177510895014,0.6815705602144472,0.604926511089015,0.7995900586289245,
1604202293.7109084,0.0003918433960919732,-0.0009376379955073847,0.00013651087552752885,0.7736679428748108,0.6328253627519993,0.8063923132362834,
1604202293.9165573,0.00484773914684798,-0.014768920266550994,0.0015413566707095001,0.8198946266863524,0.5824130131665806,0.8097129556085446,
1604202294.1219068,0.012107146259091367,-0.03864267069678642,0.0034275719579641034,0.84042807509212,0.5399807817472998,0.8188190589165679,
1604202294.3273022,0.012107146259091367,-0.03864267069678642,0.0034275719579641034,0.8754646869633022,0.5399807817472998,0.8393572054838453,
1604202294.531247,0.00989258243578287,-0.04165233967517269,0.002304949288189697,0.9265227158113806,0.5370076281072966,0.8436470206687314,
1604202294.732399,0.0038088478664913892,-0.020359391334761553,0.0007152153236920568,0.9564595547275602,0.5721056645594801,0.8532325043375858,
1604202294.9333408,0.004678102303750246,-0.029572646790612417,0.0011766826404831932,0.933677980376664,0.5559929898306063,0.8532325043375858,
1604202295.4060547,0.0034621345481824868,-0.03492914001026055,0.001429338846650887,0.9133488144262062,0.5480179950149843,0.8709705723073279,
1604202295.5041733,0.0009795032962468953,-0.027137497482318917,0.0013627824290304877,0.920419388858503,0.5605268817642444,0.8929776706877711,
1604202295.627144,-3.919344605847183e-05,-0.0003528687188392409,1.2884776693440297e-05,1.050240295240241,0.6399349459734408,0.9181287288859596,
1604202295.831696,0.0,0.0,0.0,1.1220073755588338,0.6865404078676007,0.919939450701023,
1604202296.0370145,0.0,0.0,0.0,1.1476898623878897,0.6851996855591601,0.919939450701023,
1604202296.242364,0.0,0.0,0.0,1.1903148533642764,0.7400796353925949,0.9209243795853,
1604202296.4461234,0.0,0.0,0.0,1.278588845254465,0.7772439561570439,0.9051861487353875,
1604202296.647524,0.0,0.0,0.0,1.3081242552780368,0.7763692364979006,0.8702437761708297,
1604202296.8525958,0.0,0.0,0.0,1.4264784443466931,0.8370589168400214,0.861887151697291,
1604202297.0651512,0.0,0.0,0.0,1.532089907550708,0.9069110727596946,0.9214835692944207,
1604202297.2713866,0.0,0.0,0.0,1.6021820251038583,0.9269727915256971,0.9021564493888736,
1604202297.4730046,0.0,0.0,0.0,1.7442994103619591,0.9634518558978179,0.981277106520745,
1604202297.6760762,0.0,0.0,0.0,1.8057388669501278,0.9997207144526351,1.0706041562110142,
1604202297.879762,0.0,0.0,0.0,1.898734484983988,1.0639127210616979,1.1257152466596718,
1604202298.090171,0.0,0.0,0.0,1.9390470417229502,1.2216004296102587,1.0519485967897146,
1604202298.29553,0.0,0.0,0.0,1.958698823988161,1.2216004296102587,1.0519485967897146,
1604202298.5009236,0.0,0.0,0.0,1.9438168472549746,1.2674830426531487,1.0411220838326898,
1604202298.7049034,0.0,0.0,0.0,1.9468738585463277,1.295623798499356,1.061840414832935,
1604202298.9073195,0.0,0.0,0.0,1.940623990554588,1.2810184021690534,1.110741088967846,
1604202299.1126802,0.0,0.0,0.0,1.9220289125117744,1.3038435867535287,1.151626574555177,
1604202299.3164577,0.0,0.0,0.0,1.8884681275782618,1.2702092298786218,1.1720113351447439,
1604202299.5190878,0.0,0.0,0.0,1.8756250229049465,1.2526002046697502,1.1720113351447439,
1604202299.7220554,0.0,0.0,0.0,1.865986569463162,1.2113025922929326,1.1779289024873159,
1604202299.9228158,0.0,0.0,0.0,1.86783449886814,1.1840535555026466,1.157073230849475,
1604202300.1257253,0.0,0.0,0.0,1.8874766249332562,1.1896133583406048,1.1046088649875803,
1604202300.3313544,0.0,0.0,0.0,1.9188564428233081,1.2249171312927605,1.043882436690515,
1604202300.5402458,0.0,0.0,0.0,1.9471076810643815,1.2464831079546155,1.043882436690515,
1604202300.7381704,0.0,0.0,0.0,1.961413595808726,1.2873542322469453,0.9505032192762216,
1604202300.9421647,0.0,0.0,0.0,1.9880197886182833,1.2902572140223847,0.8583283019391278,
1604202301.2716975,0.0,0.0,0.0,2.0361972831773594,1.3461427840632059,0.8583283019391278,
1604202301.3776176,0.0,0.0,0.0,2.0765475993729905,1.373363437803528,0.8055176174587687,
1604202301.5515912,0.0,0.0,0.0,2.1309553574936353,1.4128234666540018,0.7769712509261476,
1604202301.7561848,0.0,0.0,0.0,2.15270364926058,1.4715750633555862,0.7513920068825255,
1604202301.9596179,0.0,0.0,0.0,2.1986336039388066,1.5168969398253829,0.7383402109685583,
1604202302.162034,0.0,0.0,0.0,2.2813756748608673,1.603342978548452,0.7705952771514839,
1604202302.3669922,0.0,0.0,0.0,2.372373739583758,1.6926198816877813,0.8127964929330723,
1604202302.5683467,0.0,0.0,0.0,2.4578862005018274,1.7633739609307408,0.8489383288458108,
1604202302.7694385,0.0,0.0,0.0,2.6103118286147775,1.8215698060613874,0.8611182465510501,
1604202302.9707935,0.0,0.0,0.0,2.6454113068857548,1.8425511500843588,0.8993713149760173,
1604202303.1737077,0.0,0.0,0.0,2.6555415319457847,1.850409956361998,0.9314150098718165,
1604202303.3749235,0.0,0.0,0.0,2.683060807220534,1.8879328160666735,0.9703679991124696,
1604202303.5793982,0.0,0.0,0.0,2.6834704985816735,1.8911015269743592,0.9600850318940015,
1604202303.790129,0.0,0.0,0.0,2.672659783236,1.8634529193140994,0.9787285593435353,
1604202303.9948123,0.0,0.0,0.0,2.661216895102168,1.8441751038875067,1.0126391430582409,
1604202304.1991107,0.0,0.0,0.0,2.628879507523046,1.8059877043655113,1.0302520167925067,
1604202304.4025743,0.0,0.0,0.0,2.5791359490074757,1.7689163423706122,0.9852752869403429,
1604202304.613633,0.0,0.0,0.0,2.541699299645481,1.7517237437854771,0.9833279159885838,
1604202304.8188915,0.0,0.0,0.0,2.569033269829224,1.7833055855726987,1.0229984333437288,
1604202305.0293436,0.0,0.0,0.0,2.590286724314805,1.8079630854200877,1.0226762172717454,
1604202305.234724,0.0,0.0,0.0,2.6280919625851165,1.8657659475040032,1.0003643512579714,
1604202305.4397552,0.0,0.0,0.0,2.6280919625851165,1.96124724020734,1.0348479677350402,
1604202305.6420875,0.0,0.0,0.0,2.788503942721174,2.0318297684331856,1.067025402461796,
1604202305.846855,0.0,0.0,0.0,2.767383470674087,2.0795195472118317,1.091087040077539,
1604202306.0579717,0.0,0.0,0.0,2.8207018822721293,2.0551893014221463,1.058075401591884,
1604202306.2630377,0.0,0.0,0.0,2.8386832349326525,2.055318665660864,1.0512323154240542,
1604202306.4684277,0.0,0.0,0.0,2.895453051118328,2.10802135222658,1.0512323154240542,
1604202306.6732378,0.0,0.0,0.0,2.888002744649575,2.1096168102600656,1.04293205810691,
1604202306.87863,0.0,0.0,0.0,2.872681746608177,2.106840153566309,1.0386098754079607,
1604202307.08405,0.0,0.0,0.0,2.853144967119686,2.107092786677674,1.0271417509387308,
1604202307.2878177,0.0,0.0,0.0,2.8794865273136705,2.1422022449113296,1.0271417509387308,
1604202307.4931927,0.0,0.0,0.0,2.8717933514866987,2.136405216388973,1.0052829379750257,
1604202307.6985834,0.0,0.0,0.0,2.870031485211093,2.1208465281815947,0.9836595931704443,
1604202307.9039211,0.0,0.0,0.0,2.8613351497031703,2.113556444310824,0.9850637681423338,
1604202308.1109319,0.0,0.0,0.0,2.8282399934413025,2.0669458973003283,0.9504572033938627,
1604202308.3150575,0.0,0.0,0.0,2.791350970177293,2.0331719598251814,0.9164971423641459,
1604202308.5204055,0.0,0.0,0.0,2.768966586283358,1.9973650768990396,0.9325010095101406,
1604202308.725645,0.0,0.0,0.0,2.751373929284287,1.9910574566684756,0.9325010095101406,
1604202308.9298332,0.0,0.0,0.0,2.726698210514676,1.9671965742568334,0.9284365558372432,
1604202309.1308076,0.0,0.0,0.0,2.722005381353919,1.9541550847613793,0.9601757084057896,
1604202309.3312874,0.0,0.0,0.0,2.719891712394326,1.9418000888093145,1.0045958777436959,
1604202309.5370245,0.0,0.0,0.0,2.699944268442778,1.9326557417118992,1.0623024608270741,
1604202309.7392817,0.0,0.0,0.0,2.680596777288647,1.9353456474972772,1.1173722291019355,
