1604202278.5828142,0.0,0.0,0.0,1.4606114509032035,0.9800541897433643,1.7703940619597491,
1604202278.7795296,0.0,0.0,0.0,1.460868156795025,0.9689343099813358,1.7547272151040554,
1604202278.9846876,0.0,0.0,0.0,1.4581584458753254,0.9680984411471847,1.752186133945701,
1604202279.1870842,0.0,0.0,0.0,1.453095351942544,0.9628260146664326,1.7390936333523925,
1604202279.3895092,0.0,0.0,0.0,1.4569781801859991,0.9754926512499179,1.748726911226114,
1604202279.5949025,0.0,0.0,0.0,1.464452991914752,0.992145104254696,1.7637941798043812,
1604202279.8108077,0.0,0.0,0.0,1.4753698787550147,1.0058041006479341,1.7732464282924034,
1604202279.9999256,0.0,0.0,0.0,1.4705035994964708,1.0050625559709288,1.7764891179609181,
1604202280.200708,0.0,0.0,0.0,1.4615125885372817,0.9948033196936491,1.7668491026510782,
1604202280.402365,0.0,0.0,0.0,1.4511574768417757,0.9880645792907663,1.7540145523370758,
1604202280.603846,0.0,0.0,0.0,1.4439990383298509,0.9810248779899704,1.7458094351537465,
1604202280.8042393,0.0,0.0,0.0,1.446157193757738,0.982073643740212,1.742670622666708,
1604202281.0363631,0.0,0.0,0.0,1.428556344668198,0.9860144850092233,1.7422120950682516,
1604202281.2153943,0.0,0.0,0.0,1.4134194862713672,0.9860144850092233,1.7422120950682516,
1604202281.4171877,0.0,0.0,0.0,1.400434371849512,0.9757819853234739,1.7288231433700842,
1604202281.6206427,0.0,0.0,0.0,1.3967745899394497,0.9757819853234739,1.736120026474175,
1604202281.8262277,0.0,0.0,0.0,1.360695378087767,0.956114147727398,1.709563810116181,
1604202282.0305564,0.0,0.0,0.0,1.3463997438025357,0.9590350153623789,1.7108410742150606,
1604202282.2329226,0.0,0.0,0.0,1.3312082428606196,0.9443890847856994,1.6925689638223649,
1604202282.4354992,0.0,0.0,0.0,1.3312082428606196,0.938820320177608,1.6925689638223649,
1604202282.661184,0.0,0.0,0.0,1.3312082428606196,0.938820320177608,1.6894703132589746,
1604202282.8545873,0.0,0.0,0.0,1.307765147970145,0.8812794442934541,1.6411973122287813,
1604202283.0711598,0.0,0.0,0.0,1.2659415980322712,0.8366427218755357,1.610063166378856,
1604202283.273576,0.0,0.0,0.0,1.2563448878495094,0.8186362879243693,1.6059161502625536,
1604202283.4893346,0.0,0.0,0.0,1.238192614679821,0.7964440388588192,1.5761870192543086,
1604202283.6839876,0.0,0.0,0.0,1.20664625863842,0.79470889069835,1.5602983948138565,
1604202283.8891945,0.0,0.0,0.0,1.1824691339025868,0.7924698545453058,1.5498418931245104,
1604202284.1537209,0.0,0.0,0.0,1.1528722635334543,0.780737995234493,1.5222504136345127,
1604202284.299916,0.0,0.0,0.0,1.1178160142498137,0.762810612046599,1.5028214477346107,
1604202284.5038886,0.0,0.0,0.0,1.038819330675504,0.7400960586713886,1.4575891726052512,
1604202284.7736473,0.0,0.0,0.0,0.9950438213273036,0.7050222076434599,1.4190819657625937,
1604202284.9111083,0.0,0.0,0.0,0.9644129153468077,0.6541621284376228,1.3786131943038078,
1604202285.1164527,1.1631186091987337e-05,-0.002968754073741905,-0.00022182629674140402,0.92151667516147,0.6207399363198287,1.3288781836588812,
1604202285.3245907,-0.0012956433297532286,-0.010273004892296114,-0.0010617645922735921,0.8335698700286598,0.594963986364586,1.2509845831705722,
1604202285.5247731,-0.0019796109549113823,-0.011643435961280757,-0.0013294739554795627,0.7913204271859441,0.5911202358338804,1.2253408284954166,
1604202285.7282987,-0.003078335981414604,-0.01407208147522563,-0.0016134915494138917,0.722655159870348,0.5848940060257191,1.1893194351151806,
1604202285.9939892,-0.0035435384704430306,-0.016901110486689033,-0.0019815303173727154,0.6955352077643658,0.5786014256510856,1.1753918216266805,
1604202286.1338058,-0.007464805458992602,-0.029830485698912862,-0.003311004673358749,0.6418950944563863,0.5541581404312743,1.1305734515073975,
1604202286.339115,0.01510895784009636,-0.04704132635894624,-0.005922135147305653,0.5420585087927399,0.5181090640172782,1.0437444640093894,
1604202286.5527928,0.05633866211974035,-0.03912738367497525,-0.005628174867730401,0.48764365001222726,0.515415761150994,1.0018393714390528,
1604202286.7430143,0.0827841703219035,-0.04396696285196983,-0.005822281229068214,0.45877207596143255,0.5058826398913377,1.0018393714390528,
1604202286.9673638,0.18777963581125984,0.00042548464816412335,-0.0016868627341922269,0.37174585643853136,0.5126181931408049,0.9340184690771635,
1604202287.1765783,0.2690296561436804,0.05117210355589937,0.00807205337031816,0.3145443025548626,0.5292395880138211,0.8716503121991921,
1604202287.374819,0.34110406452563036,0.16058213713097474,-0.0037815990607592475,0.23203572138302433,0.529786602632094,0.7641337872843709,
1604202287.577559,0.3675265334690548,0.1941841207197571,-0.02754561929834776,0.17300269730612994,0.5234674652968196,0.6994883940518981,
1604202287.7898288,0.3558890559602699,0.1487050572691769,0.006264706394503421,0.10934293033827178,0.5149056746204305,0.6607841326228966,
1604202287.9822173,0.318898573110617,0.212159118852873,0.024705496944251632,0.12361166687369922,0.4953805709711748,0.6197785488454663,
1604202288.1870716,0.2493936367933626,0.2621554563530398,0.02527031835585806,0.1732372815428323,0.45632887868612865,0.5912640294305684,
1604202288.3994932,0.0776827262450554,0.2564388190806437,-0.022520398924315593,0.3067503170211573,0.4238190648115764,0.500874259295241,
1604202288.6253304,0.1376651574624725,0.21085402923448032,-0.014637386281690493,0.3148103506364407,0.4238190648115764,0.47579535129289485,
1604202288.8156073,0.21126408793444568,0.08190323665004431,-0.034182347625886664,0.4133655200847561,0.47522322645730397,0.39857076652239193,
1604202289.0375645,0.3799967145331409,0.07706403303041764,-0.0708138166373117,0.4139060608483784,0.5732240473916547,0.30311733761831366,
1604202289.2288978,0.4170931029617215,0.22381762623975895,-0.17063976179801224,0.43491168540907527,0.7069245591244704,0.21321297464706257,
1604202289.431833,0.1888134987345394,0.417943544337992,-0.2,0.4440018100325833,0.8240438078883311,0.19592217271621934,
1604202289.6410494,-0.05381617623540476,0.4018586821666807,-0.2,0.45540481484780193,0.9001897352878121,0.19236323134502792,
1604202289.836481,-0.04883915761107989,0.38777286313411596,-0.2,0.5012109407642515,0.9042143376447375,0.20280248697521905,
1604202290.0469863,-0.100370788804059,0.3483854366787016,-0.2,0.5095072723344409,0.9010166623793466,0.19104298738848136,
1604202290.255226,-0.011264369465460448,0.24355262084927035,-0.2,0.5035797814604165,0.8619656517363216,0.2028747420496844,
1604202290.4549322,0.06648493528047505,0.1971172599725578,-0.2,0.5611937270640917,0.8545119787597389,0.2947102266633895,
1604202290.659346,0.02677797301454986,0.11956028883137197,-0.09048850411926608,0.7161818556393845,0.9469148342347079,0.4148148950403827,
1604202290.875342,-0.009994609633433795,0.05942103934953993,-0.0362606877977933,0.9651081105089546,1.1032002944116366,0.4967597935400809,
1604202291.0669367,-0.01137537638357873,0.02205727924393299,-0.012980057158350196,1.112284056821024,1.241462894185631,0.5555533890283817,
1604202291.2722964,-0.02526743462714023,0.04455341317930728,-0.030733150985636868,1.0670079898437421,1.1951437682913326,0.5092975526062364,
1604202291.4926927,-0.047776376521724825,0.09831290681167337,-0.06568424704182681,0.9967111332285307,1.1262837885018704,0.4397872002615416,
1604202291.7148123,-0.07072367050366059,0.15227174372980443,-0.0880495671226482,0.9429213844815387,1.082774853869658,0.39058225514250755,
1604202291.8860722,-0.10139334600596414,0.19735463942974152,-0.08566023790832666,0.8608914781142578,1.062585375716143,0.3592184320524202,
1604202292.1217895,-0.15993388806534323,0.23449905511484145,-0.09486995131817227,0.7948252293767518,1.0721725259501134,0.3173410793807489,
1604202292.3140552,-0.14474614203018443,0.21943311217066352,-0.06948753193391699,0.7179313427002475,1.081236925543264,0.33922965841455954,
1604202292.5204434,-0.09426546509456585,0.16554950444969183,-0.04955706596618801,0.6546286825093188,1.1026909236608202,0.39290686548968645,
1604202292.725862,-0.06434522992514184,0.11496471837109694,-0.03641678093923935,0.6250647965943267,1.1219437356106148,0.440628932430495,
1604202292.9227784,-0.032190410607519745,0.06014893463100465,-0.015442607560276959,0.6195815327903109,1.1467621463944317,0.5053667197416057,
1604202293.133554,-0.01293015192359325,0.0263693543131599,-0.005554188316412777,0.636361272821225,1.1843387579694877,0.5561450804517173,
1604202293.3456302,-0.002843366297939274,0.006268863125691652,-0.0010974177510895014,0.6536009044612375,1.2072098898369348,0.604926511089015,
1604202293.5727258,-0.002843366297939274,0.006268863125691652,-0.0010974177510895014,0.6662451928666527,1.2142686671205296,0.604926511089015,
1604202293.7423933,-0.0003918433960919732,0.0009376379955073847,-0.00013651087552752885,0.7147006718576998,1.2142281422600885,0.6328253627519993,
1604202293.9586234,-0.00484773914684798,0.014768920266550994,-0.0015413566707095001,0.6700671934232211,1.1219425696718832,0.5824130131665806,
1604202294.1444542,-0.012107146259091367,0.03864267069678642,-0.0034275719579641034,0.7099809420819254,1.111593630737965,0.5399807817472998,
1604202294.3490522,-0.018060894782195292,0.060635600254072476,-0.0052020625528651655,0.8127108904091662,1.1694198001211147,0.5114848349655271,
1604202294.5576425,-0.00989258243578287,0.04165233967517269,-0.002304949288189697,0.8339513141836002,1.185160811907509,0.5370076281072966,
1604202294.7530894,-0.004678102303750246,0.029572646790612417,-0.0011766826404831932,0.8236379589039259,1.1763355695527689,0.5559929898306063,
1604202294.954517,-0.0034621345481824868,0.03492914001026055,-0.001429338846650887,0.7841228264394812,1.1484407873585811,0.5480179950149843,
1604202295.1595285,-0.0009795032962468953,0.027137497482318917,-0.0013627824290304877,0.7483136418631009,1.1605464273964963,0.5605268817642444,
1604202295.3626623,0.0003441413954572903,0.014580362869829739,-0.0007676858788515191,0.7334850574731502,1.1846833062052138,0.5847679342786487,
1604202295.568008,0.000167418392688647,0.002720906017295198,-0.00012151044038459416,0.7738447373871421,1.2196197655095338,0.6220126194070317,
1604202295.7732255,3.919344605847183e-05,0.0003528687188392409,-1.2884776693440297e-05,0.8430909492944588,1.2088859767567304,0.6399349459734408,
1604202295.9740958,0.0,0.0,0.0,0.8442581034272806,1.2125054284062076,0.6851996855591601,
1604202296.1857996,0.0,0.0,0.0,0.8442581034272806,1.2125054284062076,0.7400796353925949,
1604202296.3772907,0.0,0.0,0.0,0.8356677874210834,1.1572541609856697,0.7277965170308218,
1604202296.5833673,0.0,0.0,0.0,0.8265430071567524,1.1243980103537163,0.7976959004601664,
1604202296.7841084,0.0,0.0,0.0,0.909203018545869,1.0867583336682711,0.8370589168400214,
1604202296.9970076,0.0,0.0,0.0,0.8539699148343659,1.0569003308132672,0.8912461455907478,
1604202297.1882892,0.0,0.0,0.0,0.9252730289531624,1.0297209622564891,0.9269727915256971,
1604202297.3936577,0.0,0.0,0.0,0.9306764825751255,0.9994085205422304,0.928929825070311,
1604202297.605434,0.0,0.0,0.0,0.9757056504730579,0.9866703054078134,0.9634518558978179,
1604202297.8101509,0.0,0.0,0.0,0.9523592325558802,0.9243000811033485,1.0159503720205074,
1604202298.0155346,0.0,0.0,0.0,0.9830388653706649,0.937794647922455,1.0639127210616979,
1604202298.2586923,0.0,0.0,0.0,0.9736911238054868,0.9388718064825539,1.2216004296102587,
1604202298.4201782,0.0,0.0,0.0,0.9520842279230598,0.9525238504263928,1.2674830426531487,
1604202298.6248703,0.0,0.0,0.0,0.895587112283968,0.9288812616589233,1.295623798499356,
1604202298.833507,0.0,0.0,0.0,0.8521872154409967,0.8607089737110687,1.2920290041086027,
1604202299.032985,0.0,0.0,0.0,0.8128403891591486,0.8706465141365729,1.3292027510001707,
1604202299.2376883,0.0,0.0,0.0,0.8226044934134079,0.8781073950017002,1.3096773707941376,
1604202299.4386296,0.0,0.0,0.0,0.8308214291098743,0.8726031334208864,1.2526002046697502,
1604202299.642294,0.0,0.0,0.0,0.8360546661648155,0.8820246224170334,1.2337102492291752,
1604202299.8428454,0.0,0.0,0.0,0.8409659069829883,0.849288115855627,1.2010642285919515,
1604202300.0541854,0.0,0.0,0.0,0.8430824842215228,0.8958448374296444,1.1892406488727167,
1604202300.265939,0.0,0.0,0.0,0.8359629942745896,0.9534687953493772,1.2089723819269909,
1604202300.4580252,0.0,0.0,0.0,0.8360418827290582,1.0149605858141912,1.2464831079546155,
1604202300.6630588,0.0,0.0,0.0,0.8412207287729513,1.004838396567371,1.2686074672791152,
1604202300.9258986,0.0,0.0,0.0,0.9083021255721454,0.9878517729803483,1.2873542322469453,
1604202301.0737078,0.0,0.0,0.0,0.8474970928396308,0.9078821557711807,1.3146667964481857,
1604202301.2887533,0.0,0.0,0.0,0.7871214960346717,0.830970796385448,1.373363437803528,
1604202301.4786623,0.0,0.0,0.0,0.7874020050961947,0.8166882774163033,1.4128234666540018,
1604202301.680944,0.0,0.0,0.0,0.7782173040289362,0.857770468008849,1.447189680130288,
1604202301.9233754,0.0,0.0,0.0,0.7567266335615406,0.876202927236442,1.5168969398253829,
1604202302.0863986,0.0,0.0,0.0,0.7398482960212193,0.9291156924086738,1.5714646940181942,
1604202302.2917147,0.0,0.0,0.0,0.7366767584395306,0.9794329960978517,1.673692390972748,
1604202302.505569,0.0,0.0,0.0,0.7670332111191028,1.0241490806212488,1.7633739609307408,
1604202302.69887,0.0,0.0,0.0,0.8155033187122398,1.056116732100364,1.8255929243355093,
1604202302.899482,0.0,0.0,0.0,0.8522749654906909,1.0766355171600261,1.8713571769439883,
1604202303.109171,0.0,0.0,0.0,0.8617781077936129,1.084495290607401,1.885267760776365,
1604202303.309347,0.0,0.0,0.0,0.8485903458541638,1.1215419735178842,1.8879328160666735,
1604202303.520262,0.0,0.0,0.0,0.8431651505064806,1.099108336727349,1.888823601780028,
1604202303.732178,0.0,0.0,0.0,0.8445737333002967,1.0594862527466131,1.8911015269743592,
1604202303.9263518,0.0,0.0,0.0,0.856202789717559,0.9863664235223911,1.8634529193140994,
1604202304.1316295,0.0,0.0,0.0,0.8660156830879193,0.9124666705368003,1.8059877043655113,
1604202304.3375816,0.0,0.0,0.0,0.8466494167898801,0.8753408637424759,1.7689163423706122,
1604202304.5377731,0.0,0.0,0.0,0.8221706134511845,0.8582217353511891,1.7927237632509936,
1604202304.7431176,0.0,0.0,0.0,0.8221706134511845,0.8326915479950489,1.7517237437854771,
1604202304.9595366,0.0,0.0,0.0,0.8085886535826965,0.8456274102517539,1.7833055855726987,
1604202305.1463993,0.0,0.0,0.0,0.8043977162535366,0.8666039357603964,1.8079630854200877,
1604202305.3483698,0.0,0.0,0.0,0.7933404208317186,0.9218266510768238,1.8657659475040032,
1604202305.561318,0.0,0.0,0.0,0.8074123536541705,1.02720322633031,1.9459817999777547,
1604202305.754882,0.0,0.0,0.0,0.8146269087482542,1.1062907944047138,2.0318297684331856,
1604202305.958969,0.0,0.0,0.0,0.8265713982218955,1.1579751473376116,2.0795195472118317,
1604202306.170785,0.0,0.0,0.0,0.7875558654248227,1.1777393644323448,2.103232177626111,
1604202306.3641984,0.0,0.0,0.0,0.7812195431610314,1.2196591383465951,2.10802135222658,
1604202306.5663645,0.0,0.0,0.0,0.7696494256029459,1.2325383576038726,2.1096168102600656,
1604202306.7738175,0.0,0.0,0.0,0.8171979763267769,1.2325383576038726,2.1096168102600656,
1604202306.9698699,0.0,0.0,0.0,0.7586770512990904,1.269255924573558,2.1500509855000063,
1604202307.171006,0.0,0.0,0.0,0.7511770222470965,1.2672783648235346,2.1422022449113296,
1604202307.379298,0.0,0.0,0.0,0.7823100403008723,1.2672783648235346,2.1422022449113296,
1604202307.5797708,0.0,0.0,0.0,0.7825362674976764,1.2893957504943128,2.1464981233745823,
1604202307.81599,0.0,0.0,0.0,0.7901583091071516,1.2857376902535678,2.1208465281815947,
1604202307.9954581,0.0,0.0,0.0,0.7903777018113474,1.2944524190116142,2.113556444310824,
1604202308.2094314,0.0,0.0,0.0,0.8174592214544815,1.2843298805678507,2.0669458973003283,
1604202308.4150445,0.0,0.0,0.0,0.8435352291416631,1.2748819442075625,2.0165807371055395,
1604202308.6180196,0.0,0.0,0.0,0.8603532534841742,1.2647405900554844,1.9910574566684756,
1604202308.8226821,0.0,0.0,0.0,0.8395028690952612,1.254475652703039,1.9671965742568334,
1604202309.0246265,0.0,0.0,0.0,0.8520450033432427,1.2269228710012097,1.9541550847613793,
1604202309.2321982,0.0,0.0,0.0,0.8633248815322166,1.2127236186086863,1.9450693425255554,
1604202309.4284205,0.0,0.0,0.0,0.8775092963897965,1.2140326603923017,1.9312841503731437,
