1604202278.8097377,0.0,0.0,0.0,2.6592225557145217,1.2736783299949934,1.5033076381940758,
1604202279.010579,0.0,0.0,0.0,2.6705241042405636,1.28449533029893,1.5115470211379642,
1604202279.2133791,0.0,0.0,0.0,2.6683488065207626,1.2890966264547987,1.5090984742158782,
1604202279.4167905,0.0,0.0,0.0,2.668732166661697,1.2884681768560846,1.5149811901521162,
1604202279.622178,0.0,0.0,0.0,2.6821189690056944,1.295860879550044,1.534390685322312,
1604202279.837604,0.0,0.0,0.0,2.6857261100044796,1.2932598078924389,1.5425643757740215,
1604202280.0425873,0.0,0.0,0.0,2.6894135644579937,1.3000165998186852,1.5525941913772214,
1604202280.2425578,0.0,0.0,0.0,2.683241124495226,1.3000165998186852,1.548848053107156,
1604202280.4482687,0.0,0.0,0.0,2.6796380387979957,1.3015166652093628,1.5489538084345655,
1604202280.6536524,0.0,0.0,0.0,2.692226053121039,1.3151960454157752,1.5598633374781605,
1604202280.8573818,0.0,0.0,0.0,2.697620679699941,1.320433849790885,1.5597688526306945,
1604202281.0593233,0.0,0.0,0.0,2.682896295578299,1.3210893815230085,1.564568462485658,
1604202281.264629,0.0,0.0,0.0,2.6694323163429425,1.3215745645183847,1.5698094349813074,
1604202281.5660334,0.0,0.0,0.0,2.672762613769044,1.3347932169789385,1.5766136439189533,
1604202281.6752708,0.0,0.0,0.0,2.650414002867886,1.3318629571476013,1.5773076759145026,
1604202281.8768415,0.0,0.0,0.0,2.650414002867886,1.3521308984771518,1.5833073758428393,
1604202282.0773365,0.0,0.0,0.0,2.635203252544582,1.3534467745813956,1.584431118809726,
1604202282.281825,0.0,0.0,0.0,2.628479392812542,1.3568721079796895,1.5777457765325493,
1604202282.4821076,0.0,0.0,0.0,2.6283874870795367,1.3561372371176756,1.5689870540758646,
1604202282.7078917,0.0,0.0,0.0,2.6283874870795367,1.3622708795728427,1.550493072384471,
1604202282.9083087,0.0,0.0,0.0,2.598882530035958,1.3508663158773806,1.5311740472937714,
1604202283.1142135,0.0,0.0,0.0,2.5718432887621074,1.3469256664730496,1.4922735237451203,
1604202283.319337,0.0,0.0,0.0,2.561946182058651,1.3469256664730496,1.4789787031872068,
1604202283.5222,0.0,0.0,0.0,2.5354517810785464,1.3481165607130328,1.4515517268025262,
1604202283.726526,0.0,0.0,0.0,2.5248785728670846,1.3621347649361462,1.4461323010299272,
1604202283.9318707,0.0,0.0,0.0,2.5251186631272806,1.39136329979384,1.4461323010299272,
1604202284.1330223,0.0,0.0,0.0,2.4940671059348185,1.3920691269399927,1.4495920566886953,
1604202284.3376982,0.0,0.0,0.0,2.4684419381153195,1.4025549120404806,1.4543440683601792,
1604202284.538104,0.0,0.0,0.0,2.4495402575235503,1.459331480464816,1.462390802699692,
1604202284.7423787,0.0,0.0,0.0,2.431803320928601,1.478413619991756,1.4612967217573156,
1604202284.9484198,0.0,0.0,0.0,2.4154375969987796,1.5060568643395507,1.4568679299054208,
1604202285.1500094,0.0,0.0,0.0,2.399786666711902,1.5388029810820083,1.4537927063641067,
1604202285.3510854,0.0,0.0,0.0,2.381877983808868,1.5717208218385588,1.4527840555877305,
1604202285.5564406,0.0,0.0,0.0,2.358295034925601,1.5920590359847628,1.454147093296647,
1604202285.757694,0.0,0.0,0.0,2.3288478868491755,1.610080142395235,1.456028442217129,
1604202285.9599526,0.0,0.0,0.0,2.2987588162541464,1.610080142395235,1.456028442217129,
1604202286.1647086,0.0,0.0,0.0,2.2644547790484078,1.6286017106355541,1.459351694191922,
1604202286.366435,0.0,0.0,0.0,2.2359230999561275,1.6572835274109172,1.4602879932623438,
1604202286.5688474,0.0,0.0,0.0,2.201495075931122,1.6835069675705676,1.4493241916155553,
1604202286.769653,0.0,0.0,0.0,2.1724251844608222,1.7142373513878553,1.4477568842289938,
1604202286.975014,0.0,0.0,0.0,2.1434251315249724,1.733447246628364,1.4449686852268222,
1604202287.176813,0.0,0.0,0.0,2.112961773108262,1.7582526201285347,1.4296789973022412,
1604202287.3821607,0.0,0.0,0.0,2.0829690597292627,1.8651444904001524,1.4406969716115317,
1604202287.5830631,0.0,0.0,0.0,2.0407941821269264,1.882527623840048,1.4335247103620536,
1604202287.7843783,0.0,0.0,0.0,1.986332999397026,1.8830284364209529,1.4141117398128311,
1604202287.9897554,0.0,0.0,0.0,1.9834209223153754,1.8745382196659177,1.405080408308097,
1604202288.192909,0.0,0.0,0.0,1.9738572451604508,1.8363023643446201,1.3959795927662646,
1604202288.393957,0.0,0.0,0.0,1.990694452915215,1.8182184887066812,1.4050152447084694,
1604202288.600002,0.0,0.0,0.0,2.030118089820176,1.8200827151953884,1.401767156316649,
1604202288.8419268,0.0,0.0,0.0,2.165984258548227,1.868385533693606,1.4132726989217916,
1604202289.0164063,0.0,0.0,0.0,2.1508093766151983,1.9421971959273745,1.4096051675073744,
1604202289.218805,0.0,0.0,0.0,2.195760467835091,1.9421971959273745,1.4096051675073744,
1604202289.4217947,0.0,0.0,0.0,2.1822425770015372,2.0538385621733157,1.4003243996908872,
1604202289.6249712,0.0,0.0,0.0,2.140379357786199,2.1656383332173137,1.4046947136455628,
1604202289.8261013,0.0,0.0,0.0,2.0618641311212236,2.239367228755054,1.3869331819531474,
1604202290.0314198,0.0,0.0,0.0,1.9760469309204307,2.2337791196947596,1.3745470799276058,
1604202290.2327375,0.0,0.0,0.0,1.8940907581805382,2.190359063917651,1.3698772954615004,
1604202290.437468,0.0,0.0,0.0,1.8015425278686805,2.139433165152057,1.3567259553861684,
1604202290.7085094,0.0,0.0,0.0,1.714418738015753,2.1225113519016885,1.3405103353278962,
1604202290.8485968,0.0,0.0,0.0,1.6600115345192272,2.324564532188646,1.3580454299294509,
1604202291.051585,0.0,0.0,0.0,1.592979415813354,2.4217975431266754,1.3673907752666596,
1604202291.2555494,0.0,0.0,0.0,1.5496276715293213,2.4490085512330957,1.3888243006094132,
1604202291.4609902,0.0,0.0,0.0,1.5339227536180957,2.433102677974568,1.373080197637915,
1604202291.664458,0.0,0.0,0.0,1.4903372561225898,2.339744214159336,1.3664814905739862,
1604202291.8649697,0.0,0.0,0.0,1.494055058592652,2.324636358647962,1.351097902733355,
1604202292.0702991,0.0,0.0,0.0,1.494055058592652,2.3273404943398095,1.347354225706375,
1604202292.271502,0.0,0.0,0.0,1.6166456260722217,2.3169218088415735,1.3288878939478879,
1604202292.47213,0.0,0.0,0.0,1.6746410489900443,2.2993806292539505,1.306839429461538,
1604202292.6775665,0.0,0.0,0.0,1.7004457492635716,2.2804897567397107,1.296380056876191,
1604202292.8858387,0.0,0.0,0.0,1.7174558304825704,2.272827424562739,1.2965723234192281,
1604202293.0912344,0.0,0.0,0.0,1.7176411308259685,2.27898344352091,1.2990131204852595,
1604202293.2945485,0.0,0.0,0.0,1.7113329554009735,2.3096609984549485,1.2990131204852595,
1604202293.499716,0.0,0.0,0.0,1.673237745147187,2.3168705214715195,1.2921581001706155,
1604202293.7105787,0.0,0.0,0.0,1.5974619108533892,2.2917006362928594,1.2715476104874839,
1604202293.9109836,0.0,0.0,0.0,1.5974619108533892,2.2256961487943587,1.2715476104874839,
1604202294.114322,0.0,0.0,0.0,1.5041246153505903,2.1760589495714586,1.2512625362629313,
1604202294.349187,0.0,0.0,0.0,1.362828409859141,2.1760589495714586,1.3028728315244065,
1604202294.520961,0.0,0.0,0.0,1.3064008629673278,2.1264273604241697,1.3266823030027366,
1604202294.72231,0.0,0.0,0.0,1.2750030546851965,2.106800285315534,1.3250401260415106,
1604202294.9486196,0.0,0.0,0.0,1.2766448882895722,2.0877974529255026,1.3250401260415106,
1604202295.159178,0.0,0.0,0.0,1.2469579299982003,2.0267183672520677,1.3033708817837963,
1604202295.3624246,0.0,0.0,0.0,1.193753476271437,1.959512707044577,1.2875600602301767,
1604202295.5686073,0.0,0.0,0.0,1.1128122562344813,1.8864786555815645,1.3063692704473775,
1604202295.773464,0.0,0.0,0.0,1.0120752543424578,1.8549542145939053,1.3063692704473775,
1604202295.9743338,0.0,0.0,0.0,0.9405130612670565,1.7835874931947804,1.3602848922601707,
1604202296.180358,0.0,0.0,0.0,0.9175512332235297,1.7600268386903486,1.3503738671666294,
1604202296.3829966,0.0,0.0,0.0,0.845991701984909,1.7189815233855574,1.4057333414207986,
1604202296.5890782,0.0,0.0,0.0,0.785624460601146,1.6591798415175634,1.4253451884832544,
1604202296.7943218,0.0,0.0,0.0,0.685528581362985,1.593019778916633,1.4168707556335634,
1604202296.9969094,0.00016035220086946822,-2.5796699373025404e-06,-6.077843892630254e-06,0.6432388611350571,1.540418515290573,1.4168707556335634,
1604202297.198482,0.02825354370090934,-0.0017587269403362656,-0.001417653461086178,0.5586073331515898,1.4833815408762299,1.396811808929686,
1604202297.399452,0.07189436175565185,-0.004575825028536921,-0.006715078948184238,0.5016629952409747,1.4632084280626703,1.3822342899812459,
1604202297.604869,0.11612462747819542,-0.009541802824534902,-0.013228760154897372,0.4584477988771235,1.4294153747814953,1.3797306172312396,
1604202297.815657,0.198131136743167,-0.016562644042867114,-0.027103120302502295,0.39258969254970194,1.377213978595264,1.3553195361256418,
1604202298.0210347,0.27094079373562396,-0.009908462617297097,-0.04359614733335576,0.3402121799737368,1.3169538064668627,1.3275572211893567,
1604202298.2267106,0.3079942207277922,-0.003079381187026109,-0.057485711315828684,0.312771201817261,1.2793029422652982,1.3275572211893567,
1604202298.4307306,0.3493440006699134,-0.004580144758170003,-0.07198455339880623,0.2811424052258885,1.2251341851000956,1.2744867407106846,
1604202298.6363835,0.3708309307928697,-0.013734165654108205,-0.08151856635789778,0.2629539791241116,1.1862425714334413,1.2110671220739675,
1604202298.839058,0.37585559490540815,-0.030861969987489187,-0.09475585071205009,0.25428265476742923,1.1260943943459785,1.1471108776293615,
1604202299.0434508,0.37655352182586654,-0.03305241815004859,-0.10756118680480237,0.24895083839457557,1.0634055661068957,1.1470675219625388,
1604202299.2480402,0.3691045228542646,-0.009323654565237365,-0.11760531465108864,0.2515266269479855,1.0487976392193958,1.0994524351954331,
1604202299.449221,0.34243564405908694,0.02423758081638483,-0.13423496984473995,0.2625897032159602,1.0575459468109387,1.0743258692018263,
1604202299.6525233,0.31001840690780036,0.055044823338548786,-0.15705791492787102,0.26944864427478193,1.0681586581123863,1.0878539223447155,
1604202299.854254,0.28402901351872223,0.06800877296893533,-0.1827331460801767,0.2677908883422184,1.067244515750838,1.0878539223447155,
1604202300.0548642,0.2560513434388474,0.08268577285194859,-0.2,0.26116046455474634,1.032062625238437,1.1463020334498273,
1604202300.2602322,0.22772769624258465,0.08706382935580584,-0.2,0.25292855471773007,1.002218888246571,1.2327149102590411,
1604202300.4655702,0.18459000740621828,0.0975828845286261,-0.2,0.24681260473500632,0.9729267832473999,1.316998699528029,
1604202300.673881,0.12526972695162988,0.12058598900137639,-0.2,0.24197837529799948,0.9440665869262743,1.3429267007009964,
1604202300.8841999,-0.040892273841671316,0.16125351871876684,-0.2,0.2926266124199742,0.9108519260220045,1.3461174695004248,
1604202301.0895584,-0.03952149906978021,0.16703744661976558,-0.2,0.29177593701626403,0.8637995461247925,1.3373985942069326,
1604202301.2949388,-0.08225580318439174,0.1381774293959487,-0.16724873067406684,0.34181779032338616,0.8115991319583478,1.3282068092051291,
1604202301.5004263,-0.08443300278426195,0.1057160070086874,-0.11748361264477485,0.38906438913445,0.741712051147192,1.3329508986925378,
1604202301.7031305,-0.06178551779799539,0.0635821369791537,-0.06868961736079353,0.4502116604771396,0.704424560006538,1.3708166459293702,
1604202301.9076269,-0.03320006152185569,0.029178034853536743,-0.03281742788655534,0.5131358430926987,0.6514877142513154,1.3858818279601757,
1604202302.1124656,-0.010431976981701015,0.01950031709242783,-0.01874118499318355,0.5565424204549289,0.5934451809855871,1.3862649546522832,
1604202302.31363,0.004176816758983591,0.007941722268180712,-0.0066620604347456935,0.6121424539019519,0.592890792728341,1.3837439996375562,
1604202302.5166206,0.037637022977856184,0.03613898925688625,-0.025652106138308917,0.673931712883694,0.5129143222232657,1.3661496045153851,
1604202302.7208688,0.15727880420920604,0.16101382925145913,-0.1147208442671525,0.7248697879664896,0.3437255927746236,1.3326735979687792,
1604202302.9221404,0.24306872412250136,0.18445796920679045,-0.1618811019206829,0.7412192724821337,0.2727327780928629,1.2922335949329165,
1604202303.1254606,0.31827147846406423,0.18446267712650774,-0.18469176121426487,0.7439531867384895,0.21325451478479776,1.2515728661841539,
1604202303.3265698,0.32397054365119676,0.17156843103429575,-0.2,0.7449089705590691,0.17750457522555796,1.2518011085709528,
1604202303.5306938,0.2858232803880635,0.2065559871790328,-0.2,0.7579754785928218,0.16235236230460595,1.2166919865581347,
1604202303.7322657,0.20517656802772555,0.28378792389116325,-0.2,0.7804733587750766,0.17932411285316882,1.191609831058043,
1604202303.9366713,0.1221546761685432,0.28280683772473986,-0.19226730389573754,0.8291462733811273,0.25182340229911643,1.1638417474490688,
1604202304.1374083,0.05725151941903253,0.20163897159970753,-0.13112153823851969,0.8297700531225644,0.34317175497063196,1.164099914006932,
1604202304.3378847,0.029957590590106498,0.12232093672454253,-0.07704727671406693,0.8833614282165417,0.4220203022817786,1.1334793782359138,
1604202304.54319,0.004826104787283231,0.046171203589485704,-0.030422925656983842,0.9123697888164058,0.5137621958354992,1.1068849306964614,
1604202304.7536535,0.004346222763904184,0.04523145222797219,-0.029492060774212004,0.9159018615629464,0.5155580739499673,1.0879046825029268,
1604202304.9590366,-0.0006705727951517652,0.029515566392346287,-0.017322791227010553,0.963547876126526,0.544602327251486,1.0879046825029268,
1604202305.164393,-0.00704499420035828,0.036954114930850004,-0.01894088277303508,1.0338452379394703,0.5338125294234434,1.0764444496244965,
1604202305.369766,-0.027664117447506253,0.06319134232411586,-0.02824463528709159,1.0973271114407226,0.4953767069709368,1.069614472465498,
1604202305.572408,-0.08477763938167006,0.10282804393763727,-0.0456493692547414,1.1412818700575147,0.43458860522857795,1.069614472465498,
1604202305.7777658,-0.14775069403467583,0.09656374855851176,-0.050063046380114974,1.1714124036851883,0.4023239451167838,1.0582813412080638,
1604202305.9796727,-0.15841990759776836,0.05986883598248733,-0.04038459701916783,1.2134550602289431,0.4104831860337971,1.044324261331477,
1604202306.1855185,-0.1392604641450105,0.03719038743944664,-0.025793141686427927,1.2123637399177334,0.43325106194906576,1.0286709598544532,
1604202306.3908842,-0.093583024806766,0.021290772474726924,-0.012018127502371388,1.2503339856645985,0.4769915022468791,1.0280787371693905,
1604202306.6033187,-0.03979776564932607,0.008706216914924975,-0.004287036119259266,1.2985025892307327,0.5394464345304857,1.015827504767175,
1604202306.8059428,-0.04000018924515184,0.008925938366196021,-0.004232732657352608,1.3449421923377425,0.5391253423149325,0.997693504057823,
1604202307.0087752,-0.0006207349184133524,0.00012244450500724428,-7.064232371429211e-05,1.3839282313416217,0.6364897822295764,0.9984481915408538,
1604202307.2137926,0.0,0.0,0.0,1.4473804821464948,0.6727545102052991,0.9788624092207859,
1604202307.4178672,0.0,0.0,0.0,1.471951960607011,0.6710735052695083,0.9627342962506326,
1604202307.628514,0.0,0.0,0.0,1.4856911902218162,0.6916219432865215,0.956839931147875,
1604202307.8330662,0.0,0.0,0.0,1.478247685544361,0.6939123775783805,0.9768213641984013,
1604202308.0342822,0.0,0.0,0.0,1.4555637680603006,0.6691204567706149,0.9738387960281407,
1604202308.2361803,-0.00042936034673156744,2.735465684443779e-05,-3.231176225584485e-05,1.4541162308567561,0.6388970963265518,0.9862315377181132,
1604202308.4374833,-0.005441108774885728,0.00021325366542442715,-0.0003543722258165282,1.452958637183871,0.6103183981908216,0.9903565211458568,
1604202308.6428545,-0.012409474582457683,6.832411037219484e-05,-0.0007528734417225895,1.4492156968108325,0.589867063652305,0.9862675297563437,
1604202308.844461,-0.015052663121156995,-0.00020087423998985408,-0.000909597266368126,1.421830020621098,0.5836852887918895,0.9798414270649604,
1604202309.0451665,-0.023282211088333993,-0.000652010286332016,-0.001618218197001536,1.416973750220844,0.5671760755152284,0.971557552974875,
1604202309.2480404,-0.02744054086229858,-0.0007916843566263734,-0.0016300711215895946,1.4215803612925748,0.5599881311094764,0.9859483631888469,
1604202309.4545596,-0.0367696438719852,-0.001296872452402618,-0.001752462744706679,1.4215803612925748,0.545497244860003,1.0231185636596936,
1604202309.6651387,-0.02994246151950544,-0.0007544702129870146,-0.0010981879733566208,1.3860838886104174,0.5559829230866637,1.0218933588614438,
