1604202278.809726,1.361886739730835,0.20049570500850677,0.6356667280197144
1604202279.0105662,1.369802474975586,0.2032984495162964,0.6483446955680847
1604202279.2133572,1.369802474975586,0.2032984495162964,0.6483446955680847
1604202279.416777,1.3667470216751099,0.20261801779270172,0.6576693058013916
1604202279.6221545,1.3786938190460205,0.20659667253494263,0.6564096212387085
1604202279.8375943,1.3796448707580566,0.21679766476154327,0.6551162600517273
1604202280.042574,1.3896656036376953,0.21624505519866943,0.6564221382141113
1604202280.242545,1.3896656036376953,0.21624505519866943,0.6564221382141113
1604202280.4482553,1.3889421224594116,0.21169036626815796,0.6566401124000549
1604202280.6536398,1.4007201194763184,0.19641131162643433,0.6610138416290283
1604202280.8573685,1.4007201194763184,0.19641131162643433,0.6610138416290283
1604202281.0593102,1.3997846841812134,0.18490679562091827,0.659282922744751
1604202281.2646163,1.4041396379470825,0.17860977351665497,0.6556825637817383
1604202281.5660203,1.4041396379470825,0.17860977351665497,0.6556825637817383
1604202281.6752663,1.3990286588668823,0.17955073714256287,0.6644575595855713
1604202281.8768287,1.3990286588668823,0.17955073714256287,0.6644575595855713
1604202282.0773232,1.4005111455917358,0.1802941858768463,0.6620890498161316
1604202282.281812,1.3947495222091675,0.17973913252353668,0.6506183743476868
1604202282.4820943,1.3960846662521362,0.18231767416000366,0.6263057589530945
1604202282.707827,1.3960846662521362,0.18231767416000366,0.6263057589530945
1604202282.9082959,1.378666639328003,0.19053858518600464,0.6115920543670654
1604202283.1142004,1.358873963356018,0.21141493320465088,0.6074908971786499
1604202283.319324,1.358873963356018,0.21141493320465088,0.6074908971786499
1604202283.5221875,1.3379170894622803,0.2308148443698883,0.5981285572052002
1604202283.7265134,1.325368881225586,0.24767063558101654,0.5894203186035156
1604202283.9318554,1.325368881225586,0.24767063558101654,0.5894203186035156
1604202284.133009,1.3221395015716553,0.24457059800624847,0.5877840518951416
1604202284.3376856,1.324352502822876,0.2400462031364441,0.5848488807678223
1604202284.5380962,1.3319194316864014,0.23481646180152893,0.5789083242416382
1604202284.7423654,1.3319194316864014,0.23481646180152893,0.5789083242416382
1604202284.9484065,1.333687663078308,0.23633749783039093,0.5803307294845581
1604202285.149997,1.3334321975708008,0.23802796006202698,0.5757442116737366
1604202285.351072,1.3334321975708008,0.23802796006202698,0.5757442116737366
1604202285.5564277,1.33108389377594,0.23859663307666779,0.5745573043823242
1604202285.7576804,1.327459692955017,0.2376513034105301,0.5710492730140686
1604202285.9599385,1.327459692955017,0.2376513034105301,0.5710492730140686
1604202286.1646943,1.3212921619415283,0.23572158813476562,0.5682533979415894
1604202286.3664217,1.3183897733688354,0.2308983951807022,0.5691476464271545
1604202286.568833,1.307492733001709,0.23053449392318726,0.563359797000885
1604202286.7696397,1.307492733001709,0.23053449392318726,0.563359797000885
1604202286.9750009,1.2999382019042969,0.2316855937242508,0.5591020584106445
1604202287.1767998,1.2851722240447998,0.2357548624277115,0.5528765916824341
1604202287.382148,1.2851722240447998,0.2357548624277115,0.5528765916824341
1604202287.58305,1.2745602130889893,0.23305641114711761,0.5398427248001099
1604202287.7843668,1.2614730596542358,0.2292563021183014,0.5424179434776306
1604202287.989742,1.2553218603134155,0.22779707610607147,0.5444993376731873
1604202288.1928954,1.246170997619629,0.22493121027946472,0.5408012270927429
1604202288.3939435,1.246170997619629,0.22493121027946472,0.5408012270927429
1604202288.5999877,1.2429279088974,0.22118353843688965,0.5367924571037292
1604202288.8419125,1.2429279088974,0.22118353843688965,0.5367924571037292
1604202289.0163927,1.2277911901474,0.226113423705101,0.5326624512672424
1604202289.2187922,1.2277911901474,0.226113423705101,0.5326624512672424
1604202289.4217827,1.2187093496322632,0.22715087234973907,0.5216514468193054
1604202289.624958,1.2187093496322632,0.22715087234973907,0.5216514468193054
1604202289.8260884,1.2060234546661377,0.2305622100830078,0.5202652812004089
1604202290.031407,1.1937576532363892,0.2346949279308319,0.5142847895622253
1604202290.2327259,1.1937576532363892,0.2346949279308319,0.5142847895622253
1604202290.4374554,1.180100679397583,0.239937886595726,0.5084311962127686
1604202290.7084956,1.1639883518218994,0.24214932322502136,0.5016847848892212
1604202290.8485837,1.1639883518218994,0.24214932322502136,0.5016847848892212
1604202291.051572,1.1490836143493652,0.24284625053405762,0.490745484828949
1604202291.2555394,1.1490836143493652,0.24284625053405762,0.490745484828949
1604202291.460977,1.133158564567566,0.24426709115505219,0.4897288978099823
1604202291.664445,1.1192647218704224,0.23800435662269592,0.4899042248725891
1604202291.8649614,1.1040717363357544,0.23615510761737823,0.4855310320854187
1604202292.0702853,1.1040717363357544,0.23615510761737823,0.4855310320854187
1604202292.2714894,1.0847725868225098,0.2436390221118927,0.4774223566055298
1604202292.4721177,1.0602623224258423,0.25829416513442993,0.4740704298019409
1604202292.6775615,1.0269668102264404,0.2713916003704071,0.46867379546165466
1604202292.8858259,1.0018248558044434,0.28174084424972534,0.45830926299095154
1604202293.0912216,0.9863898754119873,0.29045113921165466,0.45064935088157654
1604202293.2945352,0.9863898754119873,0.29045113921165466,0.45064935088157654
1604202293.4997022,0.9733023047447205,0.29603832960128784,0.4448128342628479
1604202293.710565,0.955717921257019,0.30761992931365967,0.43762320280075073
1604202293.9109704,0.955717921257019,0.30761992931365967,0.43762320280075073
1604202294.1143093,0.9297268986701965,0.31751275062561035,0.4251461923122406
1604202294.349173,0.9297268986701965,0.31751275062561035,0.4251461923122406
1604202294.520948,0.9076793789863586,0.31429538130760193,0.4169631600379944
1604202294.7222974,0.8875480890274048,0.304985374212265,0.4126184582710266
1604202294.9486065,0.8875480890274048,0.304985374212265,0.4126184582710266
1604202295.1591654,0.8591229915618896,0.3000005781650543,0.4089631140232086
1604202295.3624113,0.8256091475486755,0.3144679665565491,0.40733781456947327
1604202295.5685883,0.7868519425392151,0.3467327654361725,0.3982585668563843
1604202295.7734566,0.7868519425392151,0.3467327654361725,0.3982585668563843
1604202295.9743204,0.7554367780685425,0.37309548258781433,0.3827379643917084
1604202296.1803446,0.7321665287017822,0.3844662308692932,0.3721303939819336
1604202296.3829834,0.7321665287017822,0.3844662308692932,0.3721303939819336
1604202296.589065,0.7110929489135742,0.38407978415489197,0.3730778992176056
1604202296.7943068,0.6938202381134033,0.37887459993362427,0.36862266063690186
1604202296.996896,0.6938202381134033,0.37887459993362427,0.36862266063690186
1604202297.1984687,0.6796454787254333,0.3686973750591278,0.3560178875923157
1604202297.3994389,0.6590115427970886,0.3702687919139862,0.344380259513855
1604202297.604855,0.6590115427970886,0.3702687919139862,0.344380259513855
1604202297.8156435,0.6336538195610046,0.3792347013950348,0.33897829055786133
1604202298.0210214,0.6122504472732544,0.3897489607334137,0.3315547704696655
1604202298.2266967,0.6122504472732544,0.3897489607334137,0.3315547704696655
1604202298.4307172,0.6025412082672119,0.384777307510376,0.33488646149635315
1604202298.6363702,0.6040458083152771,0.38347044587135315,0.3423711955547333
1604202298.8390448,0.607667863368988,0.378305584192276,0.3484356105327606
1604202299.0434375,0.6093018054962158,0.37739071249961853,0.3520642817020416
1604202299.248027,0.6093018054962158,0.37739071249961853,0.3520642817020416
1604202299.4491973,0.6071283221244812,0.379902720451355,0.3496263027191162
1604202299.65251,0.6045463681221008,0.3830626904964447,0.34402352571487427
1604202299.8542407,0.6045463681221008,0.3830626904964447,0.34402352571487427
1604202300.0548513,0.6038829684257507,0.3888750970363617,0.3446339964866638
1604202300.260219,0.6068366765975952,0.3918142318725586,0.3482562005519867
1604202300.465556,0.6079081296920776,0.3964848518371582,0.34895050525665283
1604202300.6686618,0.6079081296920776,0.3964848518371582,0.34895050525665283
1604202300.8841865,0.6057977080345154,0.40185317397117615,0.34772658348083496
1604202301.089545,0.6071681380271912,0.40584424138069153,0.35068124532699585
1604202301.2949264,0.6071681380271912,0.40584424138069153,0.35068124532699585
1604202301.5004182,0.607071042060852,0.40597468614578247,0.3537190854549408
1604202301.703117,0.607071042060852,0.40597468614578247,0.3537190854549408
1604202301.9076025,0.6071264147758484,0.40321671962738037,0.34795355796813965
1604202302.1124578,0.6071264147758484,0.40321671962738037,0.34795355796813965
1604202302.313617,0.6056757569313049,0.40092507004737854,0.34501001238822937
1604202302.5166068,0.6009891033172607,0.402218222618103,0.3445921540260315
1604202302.720864,0.597664475440979,0.4029236137866974,0.34261512756347656
1604202302.9221356,0.597664475440979,0.4029236137866974,0.34261512756347656
1604202303.1254566,0.5995734930038452,0.402310311794281,0.3466489911079407
1604202303.3265643,0.5999529361724854,0.40213844180107117,0.34385165572166443
1604202303.5306892,0.5999529361724854,0.40213844180107117,0.34385165572166443
1604202303.732261,0.6021387577056885,0.3988679349422455,0.3443109095096588
1604202303.936658,0.6069754958152771,0.39397716522216797,0.3454933166503906
1604202304.1373942,0.6064222455024719,0.39486318826675415,0.34607505798339844
1604202304.3378704,0.6064222455024719,0.39486318826675415,0.34607505798339844
1604202304.5431764,0.6076392531394958,0.39800599217414856,0.3430761694908142
1604202304.753641,0.6047078967094421,0.4012877345085144,0.3437580168247223
1604202304.9590235,0.6047078967094421,0.4012877345085144,0.3437580168247223
1604202305.1643798,0.6038886904716492,0.40065258741378784,0.3481720983982086
1604202305.369753,0.5977998375892639,0.3997575044631958,0.34812691807746887
1604202305.5723946,0.5977998375892639,0.3997575044631958,0.34812691807746887
1604202305.7777524,0.5937168598175049,0.39927178621292114,0.35214224457740784
1604202305.9796586,0.591793954372406,0.39794251322746277,0.34466293454170227
1604202306.1855054,0.5927035808563232,0.39454343914985657,0.341450035572052
1604202306.3908713,0.5978000164031982,0.3919115662574768,0.3492512106895447
1604202306.6033058,0.5978000164031982,0.3919115662574768,0.3492512106895447
1604202306.8059297,0.5984071493148804,0.3940649926662445,0.3506608307361603
1604202307.0087616,0.5982392430305481,0.39508917927742004,0.3544965088367462
1604202307.2137794,0.5992228984832764,0.394937127828598,0.3532146215438843
1604202307.417854,0.6008511185646057,0.393953412771225,0.3526746928691864
1604202307.6285007,0.599937379360199,0.39260002970695496,0.3535708487033844
1604202307.8330529,0.5984688401222229,0.3965610861778259,0.35036417841911316
1604202308.0342686,0.5984688401222229,0.3965610861778259,0.35036417841911316
1604202308.2361672,0.6002773642539978,0.398514062166214,0.3434176445007324
1604202308.4374695,0.6014518737792969,0.3970451354980469,0.342029869556427
1604202308.642841,0.6049270629882812,0.3941975235939026,0.3461656868457794
1604202308.8444471,0.6049270629882812,0.3941975235939026,0.3461656868457794
1604202309.0451527,0.60981285572052,0.39247214794158936,0.3448019027709961
1604202309.2480266,0.6051320433616638,0.393662691116333,0.3472108244895935
1604202309.4545462,0.6051320433616638,0.393662691116333,0.3472108244895935
1604202309.6651254,0.5916267037391663,0.3949865698814392,0.35273978114128113
