1604202278.752311,-0.11387448757886887,0.4659014940261841,0.5278593897819519
1604202278.9531612,-0.11387448757886887,0.4659014940261841,0.5278593897819519
1604202279.1585772,-0.11166384816169739,0.46676599979400635,0.5333638787269592
1604202279.3632903,-0.11870620399713516,0.47725051641464233,0.5428925156593323
1604202279.5686636,-0.12653276324272156,0.4835975766181946,0.5472390651702881
1604202279.769219,-0.1350511908531189,0.4874310791492462,0.5457624793052673
1604202279.9741395,-0.1350511908531189,0.4874310791492462,0.5457624793052673
1604202280.178927,-0.13166342675685883,0.4863869845867157,0.5491299629211426
1604202280.3964376,-0.13166342675685883,0.4863869845867157,0.5491299629211426
1604202280.5813,-0.12790504097938538,0.48592516779899597,0.5484950542449951
1604202280.7822437,-0.12755060195922852,0.4864414930343628,0.5463405251502991
1604202280.9844368,-0.13057664036750793,0.48994356393814087,0.5460519194602966
1604202281.1899953,-0.13057664036750793,0.48994356393814087,0.5460519194602966
1604202281.395398,-0.1381247639656067,0.48856911063194275,0.5505335927009583
1604202281.5982318,-0.1430804580450058,0.48810097575187683,0.5436447858810425
1604202281.8036377,-0.14892274141311646,0.48909905552864075,0.5424389243125916
1604202282.009535,-0.14892274141311646,0.48909905552864075,0.5424389243125916
1604202282.211612,-0.14921769499778748,0.4877830147743225,0.5478762984275818
1604202282.4150016,-0.1413547396659851,0.4848880469799042,0.5459837913513184
1604202282.6185224,-0.12472347915172577,0.47345080971717834,0.5462254881858826
1604202282.8217382,-0.12472347915172577,0.47345080971717834,0.5462254881858826
1604202283.024862,-0.11087766289710999,0.4623056948184967,0.5461373925209045
1604202283.2302685,-0.09915708750486374,0.4483168125152588,0.5339996814727783
1604202283.430616,-0.09676425904035568,0.4413789212703705,0.5321390628814697
1604202283.6316984,-0.10630135983228683,0.4442814886569977,0.5349857211112976
1604202283.8442485,-0.10630135983228683,0.4442814886569977,0.5349857211112976
1604202284.1167192,-0.11130156368017197,0.4529991149902344,0.5319145917892456
1604202284.2500322,-0.11130156368017197,0.4529991149902344,0.5319145917892456
1604202284.4541984,-0.1138036847114563,0.45019960403442383,0.5332834124565125
1604202284.6552339,-0.11447358131408691,0.4384221136569977,0.535548210144043
1604202284.8584213,-0.1102912649512291,0.42473605275154114,0.5367990732192993
1604202285.0602422,-0.1073770523071289,0.4245985746383667,0.5230816602706909
1604202285.2809591,-0.10624834895133972,0.42514535784721375,0.5219992995262146
1604202285.484562,-0.10948150604963303,0.4300483763217926,0.5229692459106445
1604202285.6899395,-0.10948150604963303,0.4300483763217926,0.5229692459106445
1604202285.895163,-0.11573898792266846,0.4247084856033325,0.5240811705589294
1604202286.1007707,-0.12640950083732605,0.41326186060905457,0.5198104977607727
1604202286.3047462,-0.13144907355308533,0.39801496267318726,0.5193440914154053
1604202286.5054712,-0.13144907355308533,0.39801496267318726,0.5193440914154053
1604202286.7062554,-0.13096079230308533,0.3873375654220581,0.5157756805419922
1604202286.908642,-0.13650481402873993,0.38112011551856995,0.5118232369422913
1604202287.114003,-0.13650481402873993,0.38112011551856995,0.5118232369422913
1604202287.3184922,-0.14836767315864563,0.3705346882343292,0.5038304328918457
1604202287.5222707,-0.1538037806749344,0.34954336285591125,0.5051990151405334
1604202287.7232351,-0.1487714648246765,0.3257702887058258,0.5023249983787537
1604202287.9286172,-0.14672324061393738,0.30464664101600647,0.4933658540248871
1604202288.1328244,-0.14672324061393738,0.30464664101600647,0.4933658540248871
1604202288.3357162,-0.15636509656906128,0.28199705481529236,0.47994211316108704
1604202288.5382316,-0.15636509656906128,0.28199705481529236,0.47994211316108704
1604202288.7430456,-0.169070765376091,0.25670742988586426,0.48844456672668457
1604202288.9482563,-0.1814047396183014,0.24271945655345917,0.503034770488739
1604202289.1808233,-0.1814047396183014,0.24271945655345917,0.503034770488739
1604202289.3992019,-0.1814047396183014,0.24271945655345917,0.503034770488739
1604202289.5544312,-0.18580816686153412,0.24101772904396057,0.5041730403900146
1604202289.758487,-0.18062584102153778,0.23915809392929077,0.4935539960861206
1604202289.966666,-0.18062584102153778,0.23915809392929077,0.4935539960861206
1604202290.1701841,-0.17559581995010376,0.22667156159877777,0.4772645831108093
1604202290.373926,-0.1754344403743744,0.19982057809829712,0.4681762754917145
1604202290.5768745,-0.1915803700685501,0.16681857407093048,0.4693411886692047
1604202290.778313,-0.1915803700685501,0.16681857407093048,0.4693411886692047
1604202290.9812303,-0.2141849547624588,0.1390075832605362,0.4689768850803375
1604202291.1864543,-0.2337919920682907,0.11710912734270096,0.464703768491745
1604202291.3995063,-0.2337919920682907,0.11710912734270096,0.464703768491745
1604202291.6053019,-0.2389366179704666,0.09040048718452454,0.462085485458374
1604202291.8064108,-0.23254665732383728,0.06736990809440613,0.4674690365791321
1604202292.0074608,-0.23254665732383728,0.06736990809440613,0.4674690365791321
1604202292.2128673,-0.23008489608764648,0.05174411088228226,0.4610157310962677
1604202292.4182591,-0.23008489608764648,0.05174411088228226,0.4610157310962677
1604202292.6185772,-0.24861422181129456,0.040240902453660965,0.4606964886188507
1604202292.8228066,-0.26832303404808044,0.021366490051150322,0.46372437477111816
1604202293.0281644,-0.26832303404808044,0.021366490051150322,0.46372437477111816
1604202293.230081,-0.27973783016204834,0.0003498371515888721,0.4646834135055542
1604202293.4353878,-0.2804940938949585,-0.016092997044324875,0.4603428542613983
1604202293.641103,-0.27149853110313416,-0.025016596540808678,0.44885024428367615
1604202293.8529227,-0.27149853110313416,-0.025016596540808678,0.44885024428367615
1604202294.0653052,-0.26236388087272644,-0.06263786554336548,0.43308451771736145
1604202294.2861698,-0.26265719532966614,-0.2613508403301239,0.44818130135536194
1604202294.4891875,-0.2712320387363434,-0.29384735226631165,0.4373645782470703
1604202294.6895554,-0.2779151499271393,-0.3251904547214508,0.4300884008407593
1604202294.8949113,-0.2779151499271393,-0.3251904547214508,0.4300884008407593
1604202295.1002562,-0.2670224905014038,-0.35592547059059143,0.4272121489048004
1604202295.3037195,-0.25311827659606934,-0.38837146759033203,0.420558363199234
1604202295.504038,-0.25578543543815613,-0.4401908218860626,0.4143593907356262
1604202295.7093856,-0.25578543543815613,-0.4401908218860626,0.4143593907356262
1604202295.9527519,-0.28181135654449463,-0.5064666867256165,0.4120924472808838
1604202296.112479,-0.28181135654449463,-0.5064666867256165,0.4120924472808838
1604202296.3178551,-0.3151339292526245,-0.5521044135093689,0.4177747368812561
1604202296.5234554,-0.3542632758617401,-0.5620697140693665,0.41084226965904236
1604202296.725681,-0.387064129114151,-0.5368785858154297,0.39327678084373474
1604202296.9275234,-0.387064129114151,-0.5368785858154297,0.39327678084373474
1604202297.1280897,-0.4024896025657654,-0.513833224773407,0.3907545506954193
1604202297.3289557,-0.40827298164367676,-0.5024987459182739,0.39764511585235596
1604202297.5343552,-0.40827298164367676,-0.5024987459182739,0.39764511585235596
1604202297.7352798,-0.3950371742248535,-0.5006713271141052,0.4056960940361023
1604202297.9406824,-0.3657761812210083,-0.5041784048080444,0.41381019353866577
1604202298.1438112,-0.3657761812210083,-0.5041784048080444,0.41381019353866577
1604202298.3445225,-0.31390538811683655,-0.49577268958091736,0.43014290928840637
1604202298.5489838,-0.2452789843082428,-0.47153326869010925,0.46195220947265625
1604202298.753052,-0.18187111616134644,-0.4371448755264282,0.5143636465072632
1604202298.9574883,-0.18187111616134644,-0.4371448755264282,0.5143636465072632
1604202299.1625578,-0.13316231966018677,-0.404838502407074,0.5657466053962708
1604202299.3646545,-0.09843315184116364,-0.3905465602874756,0.6001597046852112
1604202299.5666926,-0.07611282169818878,-0.4187168478965759,0.6220141649246216
1604202299.7709703,-0.07611282169818878,-0.4187168478965759,0.6220141649246216
1604202299.9761815,-0.06817165017127991,-0.497272789478302,0.6222900152206421
1604202300.180433,-0.09179195761680603,-0.5960680246353149,0.5840373039245605
1604202300.3847678,-0.12759946286678314,-0.6795099973678589,0.5380252003669739
1604202300.5887043,-0.1829146146774292,-0.6815281510353088,0.47520214319229126
1604202300.791016,-0.1829146146774292,-0.6815281510353088,0.47520214319229126
1604202300.9947171,-0.2484106868505478,-0.6183632612228394,0.43796736001968384
1604202301.2182782,-0.3095857799053192,-0.55186527967453,0.43122971057891846
1604202301.4240108,-0.3508656322956085,-0.5183384418487549,0.4227166771888733
1604202301.6291485,-0.38017651438713074,-0.5116322636604309,0.4144533574581146
1604202301.829713,-0.4054937958717346,-0.5415871739387512,0.39908429980278015
1604202302.0341022,-0.408474326133728,-0.5392416715621948,0.39331698417663574
1604202302.2473886,-0.3978211283683777,-0.5283458232879639,0.3974449634552002
1604202302.45173,-0.3978211283683777,-0.5283458232879639,0.3974449634552002
1604202302.6569138,-0.3624739646911621,-0.5195041298866272,0.39988774061203003
1604202302.8613145,-0.31846052408218384,-0.5071736574172974,0.39063185453414917
1604202303.0665843,-0.2731073498725891,-0.49405133724212646,0.3840465843677521
1604202303.269221,-0.2731073498725891,-0.49405133724212646,0.3840465843677521
1604202303.4724889,-0.23453226685523987,-0.4823867976665497,0.38371312618255615
1604202303.674794,-0.2054501622915268,-0.4760637581348419,0.39151957631111145
1604202303.8781679,-0.2054501622915268,-0.4760637581348419,0.39151957631111145
1604202304.0817616,-0.1717950850725174,-0.46894893050193787,0.40382468700408936
1604202304.284633,-0.13203716278076172,-0.4633099436759949,0.4007749557495117
1604202304.4902265,-0.08948339521884918,-0.46010491251945496,0.396554559469223
1604202304.6940415,-0.049177203327417374,-0.4667608141899109,0.3933825194835663
1604202304.8977811,-0.049177203327417374,-0.4667608141899109,0.3933825194835663
1604202305.103474,-0.010997503064572811,-0.4817756712436676,0.39253413677215576
1604202305.3042264,0.023834044113755226,-0.5016459226608276,0.39406436681747437
1604202305.5084367,0.023834044113755226,-0.5016459226608276,0.39406436681747437
1604202305.7111094,0.06713191419839859,-0.517707109451294,0.3947731852531433
1604202305.9163487,0.11246774345636368,-0.528459370136261,0.3960350751876831
1604202306.1387653,0.1573510468006134,-0.5358601808547974,0.3960505723953247
1604202306.3431106,0.1573510468006134,-0.5358601808547974,0.3960505723953247
1604202306.5449002,0.19931727647781372,-0.5414735078811646,0.39294707775115967
1604202306.7476127,0.24009115993976593,-0.5362717509269714,0.38907337188720703
1604202306.9484336,0.24009115993976593,-0.5362717509269714,0.38907337188720703
1604202307.1596892,0.2719106078147888,-0.526637852191925,0.39490199089050293
1604202307.363424,0.2719106078147888,-0.526637852191925,0.39490199089050293
1604202307.5741646,0.29570308327674866,-0.5124335885047913,0.4160071909427643
1604202307.784984,0.2995472848415375,-0.5278719663619995,0.45160356163978577
1604202307.9898493,0.30254191160202026,-0.5227516293525696,0.4754776656627655
1604202308.1937387,0.30855879187583923,-0.5307447910308838,0.49843668937683105
1604202308.3990839,0.32597222924232483,-0.5385310053825378,0.5141178965568542
1604202308.602344,0.34735673666000366,-0.5390017032623291,0.5346341729164124
1604202308.8069346,0.366209477186203,-0.5337313413619995,0.5512294769287109
1604202309.0089161,0.40315577387809753,-0.5314647555351257,0.5628787875175476
1604202309.2114897,0.4488416016101837,-0.553430438041687,0.5723376274108887
1604202309.4130251,0.5057281851768494,-0.5958950519561768,0.5873481631278992
1604202309.6183329,0.5057281851768494,-0.5958950519561768,0.5873481631278992
