1604202278.7637556,-0.9078507423400879,0.8773984313011169,0.5942468047142029
1604202279.058199,-0.9078507423400879,0.8773984313011169,0.5942468047142029
1604202279.1711514,-0.9003146886825562,0.8740511536598206,0.600111722946167
1604202279.3736305,-0.9022557735443115,0.8842416405677795,0.6054162979125977
1604202279.5744586,-0.9048412442207336,0.8901405334472656,0.6067379713058472
1604202279.77926,-0.9048412442207336,0.8901405334472656,0.6067379713058472
1604202279.9841769,-0.9087553024291992,0.8914647102355957,0.6026971340179443
1604202280.1847498,-0.9100335240364075,0.8871282339096069,0.6060097813606262
1604202280.3904855,-0.9100580811500549,0.8809508085250854,0.610160231590271
1604202280.5927763,-0.9100580811500549,0.8809508085250854,0.610160231590271
1604202280.7980485,-0.9081354141235352,0.8799065351486206,0.6071358919143677
1604202281.0003815,-0.9107446074485779,0.8814719319343567,0.6014381051063538
1604202281.2062724,-0.908301830291748,0.8866773247718811,0.6057132482528687
1604202281.416844,-0.908301830291748,0.8866773247718811,0.6057132482528687
1604202281.6276078,-0.9119836091995239,0.8936368227005005,0.6006448268890381
1604202281.8319957,-0.9110636115074158,0.8959640860557556,0.6020761728286743
1604202282.0376322,-0.9126344323158264,0.8926956057548523,0.6007142663002014
1604202282.302881,-0.9126344323158264,0.8926956057548523,0.6007142663002014
1604202282.4445174,-0.9135839939117432,0.8881862163543701,0.5969774723052979
1604202282.6498682,-0.9135839939117432,0.8881862163543701,0.5969774723052979
1604202282.854053,-0.9136018753051758,0.880989134311676,0.5947030782699585
1604202283.0593846,-0.9158368110656738,0.874049961566925,0.5902419686317444
1604202283.2622476,-0.9123051166534424,0.8639637231826782,0.5889715552330017
1604202283.462891,-0.9123051166534424,0.8639637231826782,0.5889715552330017
1604202283.6682556,-0.9144508242607117,0.8616360425949097,0.5896477699279785
1604202283.8812137,-0.9141339659690857,0.862356424331665,0.5945835709571838
1604202284.0865512,-0.9141339659690857,0.862356424331665,0.5945835709571838
1604202284.2925296,-0.9180274605751038,0.8631141185760498,0.5959458947181702
1604202284.497808,-0.9171760082244873,0.8668501377105713,0.58967524766922
1604202284.699296,-0.9149841070175171,0.8625630736351013,0.5867760181427002
1604202284.902857,-0.9130130410194397,0.8541203737258911,0.5893591046333313
1604202285.1081843,-0.9130130410194397,0.8541203737258911,0.5893591046333313
1604202285.3135388,-0.9087559580802917,0.8473462462425232,0.58492511510849
1604202285.5161324,-0.9071998000144958,0.834826648235321,0.5757935643196106
1604202285.7280753,-0.9071998000144958,0.834826648235321,0.5757935643196106
1604202285.9330983,-0.9082079529762268,0.8179644346237183,0.568906307220459
1604202286.1339371,-0.9134568572044373,0.7985815405845642,0.566071629524231
1604202286.3495147,-0.9213145971298218,0.787891685962677,0.5523899793624878
1604202286.553133,-0.933019757270813,0.7819586992263794,0.54414302110672
1604202286.8003883,-0.933019757270813,0.7819586992263794,0.54414302110672
1604202286.960665,-0.9446384906768799,0.7689957618713379,0.5432459712028503
1604202287.1770344,-0.9463505744934082,0.7395338416099548,0.5471746921539307
1604202287.3931744,-0.9441096782684326,0.7082157135009766,0.5467575788497925
1604202287.5936303,-0.9406009316444397,0.6842336654663086,0.5452272295951843
1604202287.7956555,-0.9406009316444397,0.6842336654663086,0.5452272295951843
1604202288.0001695,-0.9391456246376038,0.6696985960006714,0.5441350936889648
1604202288.2043571,-0.9432473182678223,0.6602290868759155,0.5429802536964417
1604202288.4054804,-0.9497395157814026,0.6479649543762207,0.5418577194213867
1604202288.6100357,-0.9649149775505066,0.5909312963485718,0.5271275043487549
1604202288.815153,-0.9724037051200867,0.5580674409866333,0.5212914943695068
1604202289.0167067,-0.9724037051200867,0.5580674409866333,0.5212914943695068
1604202289.2189739,-0.9796210527420044,0.5227809548377991,0.5285940766334534
1604202289.421503,-0.9823130965232849,0.4946855902671814,0.5299341082572937
1604202289.6254737,-0.9823130965232849,0.4946855902671814,0.5299341082572937
1604202289.8263261,-0.9836430549621582,0.4701893627643585,0.522337019443512
1604202290.0309424,-0.9811810255050659,0.44690483808517456,0.5134276151657104
1604202290.2325392,-0.9811810255050659,0.44690483808517456,0.5134276151657104
1604202290.4378507,-0.9899422526359558,0.4147120416164398,0.5067170262336731
1604202290.6427858,-1.0158162117004395,0.3831022083759308,0.5056964159011841
1604202290.8489454,-1.0158162117004395,0.3831022083759308,0.5056964159011841
1604202291.0512066,-1.0400465726852417,0.3556016981601715,0.49662646651268005
1604202291.2658112,-1.047711968421936,0.33194565773010254,0.4842166006565094
1604202291.4711556,-1.047711968421936,0.33194565773010254,0.4842166006565094
1604202291.6746702,-1.049440622329712,0.28888124227523804,0.48635002970695496
1604202291.8758252,-1.0538231134414673,0.2370385080575943,0.48383888602256775
1604202292.127315,-1.0538231134414673,0.2370385080575943,0.48383888602256775
1604202292.2817292,-1.0519026517868042,0.19049255549907684,0.48207956552505493
1604202292.4830658,-1.0574486255645752,0.1555698812007904,0.48072516918182373
1604202292.6939225,-1.0600097179412842,0.12221861630678177,0.47089138627052307
1604202292.896137,-1.0600097179412842,0.12221861630678177,0.47089138627052307
1604202293.0970309,-1.0716620683670044,0.0952940583229065,0.45939502120018005
1604202293.302428,-1.0767544507980347,0.05648164078593254,0.4535143971443176
1604202293.5078213,-1.0767544507980347,0.05648164078593254,0.4535143971443176
1604202293.7108972,-1.077226161956787,0.007508170325309038,0.45254987478256226
1604202293.9165437,-1.0808286666870117,-0.04951522499322891,0.45327961444854736
1604202294.1218934,-1.0808286666870117,-0.04951522499322891,0.45327961444854736
1604202294.3272884,-1.0808286666870117,-0.04951522499322891,0.45327961444854736
1604202294.5312338,-1.0922771692276,-0.10008972883224487,0.4464844763278961
1604202294.7323856,-1.110954761505127,-0.1407112181186676,0.434345543384552
1604202294.9333272,-1.110954761505127,-0.1407112181186676,0.434345543384552
1604202295.4060407,-1.110954761505127,-0.1407112181186676,0.434345543384552
1604202295.5041583,-1.110954761505127,-0.1407112181186676,0.434345543384552
1604202295.627131,-1.1353232860565186,-0.17728553712368011,0.430307537317276
1604202295.8316824,-1.1563857793807983,-0.2217119187116623,0.4300616979598999
1604202296.0369964,-1.1563857793807983,-0.2217119187116623,0.4300616979598999
1604202296.2423503,-1.1729568243026733,-0.2745726704597473,0.4257538318634033
1604202296.4460993,-1.1900287866592407,-0.32007768750190735,0.42696988582611084
1604202296.6475103,-1.1900287866592407,-0.32007768750190735,0.42696988582611084
1604202296.8525803,-1.2271028757095337,-0.3473716080188751,0.4289344847202301
1604202297.0651374,-1.288246512413025,-0.35254374146461487,0.44825810194015503
1604202297.2713728,-1.288246512413025,-0.35254374146461487,0.44825810194015503
1604202297.4729908,-1.3713228702545166,-0.3319057822227478,0.47725486755371094
1604202297.6760633,-1.4452054500579834,-0.31538674235343933,0.5006143450737
1604202297.879749,-1.4975663423538208,-0.3214261829853058,0.5454652905464172
1604202298.0901573,-1.3754959106445312,-0.5623049139976501,0.7030907273292542
1604202298.2955165,-1.3754959106445312,-0.5623049139976501,0.7030907273292542
1604202298.5009108,-1.3054054975509644,-0.6110544800758362,0.726069986820221
1604202298.7048805,-1.2674752473831177,-0.6220303773880005,0.7068409323692322
1604202298.9073055,-1.2687641382217407,-0.6220972537994385,0.6492782235145569
1604202299.1126668,-1.2674049139022827,-0.6041390299797058,0.5616472959518433
1604202299.3164446,-1.2512913942337036,-0.5709853172302246,0.49075084924697876
1604202299.5190647,-1.2512913942337036,-0.5709853172302246,0.49075084924697876
1604202299.7220423,-1.2340445518493652,-0.555404543876648,0.4546012580394745
1604202299.9228022,-1.2090626955032349,-0.5535984635353088,0.4378625154495239
1604202300.1257164,-1.1874150037765503,-0.5739452242851257,0.4451795816421509
1604202300.331341,-1.1670544147491455,-0.6153842806816101,0.4665280878543854
1604202300.535045,-1.1670544147491455,-0.6153842806816101,0.4665280878543854
1604202300.738159,-1.1328675746917725,-0.6494486927986145,0.4711214601993561
1604202300.9421518,-1.1038402318954468,-0.6793158054351807,0.47335880994796753
1604202301.271683,-1.1038402318954468,-0.6793158054351807,0.47335880994796753
1604202301.3776028,-1.1038402318954468,-0.6793158054351807,0.47335880994796753
1604202301.5515707,-1.1041339635849,-0.7008095383644104,0.47726431488990784
1604202301.7561712,-1.117414116859436,-0.7230738997459412,0.47242113947868347
1604202301.959601,-1.117414116859436,-0.7230738997459412,0.47242113947868347
1604202302.1620197,-1.1538574695587158,-0.7225143909454346,0.46137696504592896
1604202302.3669784,-1.191399097442627,-0.6933590173721313,0.4578005075454712
1604202302.5683334,-1.191399097442627,-0.6933590173721313,0.4578005075454712
1604202302.7694252,-1.2140408754348755,-0.6411915421485901,0.4392654597759247
1604202302.97078,-1.2147530317306519,-0.5769964456558228,0.4161912202835083
1604202303.1736946,-1.204028606414795,-0.520874559879303,0.3981904685497284
1604202303.3749096,-1.204028606414795,-0.520874559879303,0.3981904685497284
1604202303.5793848,-1.1943860054016113,-0.49874699115753174,0.3969951868057251
1604202303.7901149,-1.1836971044540405,-0.5065636038780212,0.39502277970314026
1604202303.9948006,-1.1836971044540405,-0.5065636038780212,0.39502277970314026
1604202304.199103,-1.1605513095855713,-0.5225660800933838,0.392615407705307
1604202304.4025693,-1.1144052743911743,-0.5388657450675964,0.39736831188201904
1604202304.6136281,-1.0694842338562012,-0.5409061312675476,0.39473530650138855
1604202304.8188877,-1.0694842338562012,-0.5409061312675476,0.39473530650138855
1604202305.0293303,-1.0324965715408325,-0.5305935144424438,0.38772615790367126
1604202305.2347105,-1.0109410285949707,-0.5097484588623047,0.3848332166671753
1604202305.4397473,-1.0109410285949707,-0.5097484588623047,0.3848332166671753
1604202305.6420746,-0.9996728897094727,-0.49631091952323914,0.39117833971977234
1604202305.8468404,-0.9781303405761719,-0.495997816324234,0.3924301266670227
1604202306.0579588,-0.9454744458198547,-0.5121679306030273,0.391976922750473
1604202306.2630246,-0.8935925960540771,-0.5119853615760803,0.3899815082550049
1604202306.4684145,-0.8935925960540771,-0.5119853615760803,0.3899815082550049
1604202306.6732242,-0.8426253199577332,-0.4960772693157196,0.39150309562683105
1604202306.878616,-0.7970046997070312,-0.4803052842617035,0.39229917526245117
1604202307.084036,-0.7537765502929688,-0.47268104553222656,0.3862594664096832
1604202307.2878044,-0.7537765502929688,-0.47268104553222656,0.3862594664096832
1604202307.493179,-0.7156218886375427,-0.47720202803611755,0.3859197199344635
1604202307.6985703,-0.6828585267066956,-0.490289568901062,0.3898215889930725
1604202307.9039161,-0.6828585267066956,-0.490289568901062,0.3898215889930725
1604202308.1109188,-0.6441797614097595,-0.5032194256782532,0.3935907781124115
1604202308.3150437,-0.6021851301193237,-0.513407289981842,0.39738258719444275
1604202308.5203915,-0.5744053721427917,-0.5261359810829163,0.3941093683242798
1604202308.725631,-0.5744053721427917,-0.5261359810829163,0.3941093683242798
1604202308.9298203,-0.5491442084312439,-0.5236642956733704,0.39624327421188354
1604202309.130794,-0.5458129644393921,-0.5187356472015381,0.41716092824935913
1604202309.331274,-0.5463106036186218,-0.5099143385887146,0.44198688864707947
1604202309.5370123,-0.545654833316803,-0.5126112103462219,0.4602888524532318
1604202309.7392685,-0.5377603769302368,-0.5321745872497559,0.47997260093688965
