1604202278.4551573,-1.1969348192214966,-0.5061641335487366,0.4269019663333893
1604202278.6508794,-1.194799780845642,-0.5039347410202026,0.42780300974845886
1604202278.852348,-1.1952192783355713,-0.49831125140190125,0.4250907301902771
1604202279.0688167,-1.1984803676605225,-0.4942268133163452,0.42680296301841736
1604202279.260295,-1.1974493265151978,-0.49020373821258545,0.42843958735466003
1604202279.4656467,-1.2003461122512817,-0.49358901381492615,0.42825353145599365
1604202279.714778,-1.2001702785491943,-0.4960722327232361,0.4326414465904236
1604202279.8719587,-1.1937166452407837,-0.49606579542160034,0.42905738949775696
1604202280.0740151,-1.187055230140686,-0.4961877763271332,0.4267873466014862
1604202280.2873445,-1.1852538585662842,-0.4969967007637024,0.4291808605194092
1604202280.4798212,-1.1896783113479614,-0.4988584518432617,0.42752498388290405
1604202280.6860373,-1.1958708763122559,-0.4971160292625427,0.42753469944000244
1604202280.8914564,-1.1966792345046997,-0.4927859902381897,0.42504560947418213
1604202281.0959268,-1.186359167098999,-0.48976051807403564,0.4255811274051666
1604202281.3012462,-1.1761541366577148,-0.47947996854782104,0.4262007176876068
1604202281.5066423,-1.1730197668075562,-0.4643838405609131,0.42434993386268616
1604202281.7330225,-1.1650413274765015,-0.44617870450019836,0.42217227816581726
1604202281.9187326,-1.1511210203170776,-0.43334677815437317,0.4235219955444336
1604202282.6401274,-1.1511210203170776,-0.43334677815437317,0.4235219955444336
1604202282.7236488,-1.1511210203170776,-0.43334677815437317,0.4235219955444336
1604202282.8430963,-1.1389049291610718,-0.4254867732524872,0.4204466640949249
1604202283.0483732,-1.1260119676589966,-0.42322129011154175,0.41524970531463623
1604202283.2620296,-1.116518259048462,-0.41794025897979736,0.40770694613456726
1604202283.4525125,-1.116518259048462,-0.41794025897979736,0.40770694613456726
1604202283.657999,-1.107363224029541,-0.4126528799533844,0.4108608067035675
1604202283.871015,-1.1000741720199585,-0.43422478437423706,0.420693039894104
1604202284.0697868,-1.0940762758255005,-0.43740084767341614,0.41661128401756287
1604202284.2715838,-1.0773601531982422,-0.4116608500480652,0.4085288643836975
1604202284.4816878,-1.0619385242462158,-0.3660964369773865,0.4076150357723236
1604202284.6780953,-1.0366424322128296,-0.289164662361145,0.4085385203361511
1604202284.8971586,-1.0366424322128296,-0.289164662361145,0.4085385203361511
1604202285.0921772,-1.0078569650650024,-0.26163238286972046,0.40936920046806335
1604202285.2912126,-1.0078569650650024,-0.26163238286972046,0.40936920046806335
1604202285.4950402,-0.9906960129737854,-0.25627654790878296,0.41011255979537964
1604202285.7013218,-0.9501323699951172,-0.2222144901752472,0.4141087532043457
1604202285.9007142,-0.9263721108436584,-0.18884247541427612,0.42059212923049927
1604202286.1061811,-0.9035534858703613,-0.1578860878944397,0.4169580340385437
1604202286.3115754,-0.8819270133972168,-0.1337345838546753,0.4110307991504669
1604202286.5156791,-0.8611832857131958,-0.11595124751329422,0.41047903895378113
1604202286.7176301,-0.8134402632713318,-0.09238778054714203,0.40784332156181335
1604202286.9295707,-0.7985725402832031,-0.0835019201040268,0.4090352952480316
1604202287.1196506,-0.7985725402832031,-0.0835019201040268,0.4090352952480316
1604202287.324989,-0.7737693190574646,-0.04564274847507477,0.41027501225471497
1604202287.5333762,-0.7501092553138733,0.009336908347904682,0.4153275787830353
1604202287.7286384,-0.7144057154655457,0.08566499501466751,0.3981841504573822
1604202287.9343684,-0.7183713316917419,0.09538892656564713,0.3997173607349396
1604202288.15561,-0.7183713316917419,0.09538892656564713,0.3997173607349396
1604202288.3998141,-0.7352706789970398,0.1001124158501625,0.3952898681163788
1604202288.5468104,-0.7787696123123169,0.12513527274131775,0.37901628017425537
1604202288.7522223,-0.8471522927284241,0.13381639122962952,0.37812790274620056
1604202288.9538937,-0.9167616963386536,0.14068365097045898,0.39274945855140686
1604202289.1592846,-0.9623071551322937,0.16075676679611206,0.3892686665058136
1604202289.3761485,-0.9585866928100586,0.17555351555347443,0.3841657340526581
1604202289.5644627,-0.915732204914093,0.16473530232906342,0.3750658333301544
1604202289.7694664,-0.8481483459472656,0.13414470851421356,0.3707140386104584
1604202289.9859958,-0.7734389901161194,0.11642675846815109,0.36967676877975464
1604202290.1802235,-0.6905055046081543,0.11178465187549591,0.36587584018707275
1604202290.3841906,-0.6108959913253784,0.10815433412790298,0.3651849031448364
1604202290.5888724,-0.5385305285453796,0.10337234288454056,0.3553904891014099
1604202290.7942226,-0.4804591238498688,0.0859132781624794,0.33730384707450867
1604202290.9983454,-0.4260132610797882,0.06830917298793793,0.32891204953193665
1604202291.2021058,-0.3842768967151642,0.0792170986533165,0.3378502130508423
1604202291.4074264,-0.36029210686683655,0.1288287192583084,0.3481388986110687
1604202291.6111147,-0.3572119176387787,0.1890399158000946,0.3553347587585449
1604202291.8323326,-0.38475853204727173,0.24701207876205444,0.3611643314361572
1604202292.027983,-0.4454679787158966,0.2860994040966034,0.3568888306617737
1604202292.229786,-0.5241865515708923,0.3194408416748047,0.33940911293029785
1604202292.4505289,-0.6039107441902161,0.33604687452316284,0.30405524373054504
1604202292.6453276,-0.6599212884902954,0.336324006319046,0.26444825530052185
1604202292.8473566,-0.6986180543899536,0.3415146768093109,0.22469520568847656
1604202293.055543,-0.7097024321556091,0.3821973502635956,0.19541500508785248
1604202293.251543,-0.6955423355102539,0.46701449155807495,0.18875260651111603
1604202293.4564464,-0.6655703783035278,0.5470413565635681,0.21938355267047882
1604202293.6626432,-0.6067200303077698,0.5926878452301025,0.2661341726779938
1604202293.8628569,-0.6067200303077698,0.5926878452301025,0.2661341726779938
1604202294.0651047,-0.5463525056838989,0.5834168791770935,0.31167617440223694
1604202294.280836,-0.4174796938896179,0.5156588554382324,0.36970439553260803
1604202294.4736145,-0.3856843113899231,0.49681973457336426,0.3929123878479004
1604202294.6790056,-0.3765350580215454,0.47136878967285156,0.406049907207489
1604202294.8821883,-0.3817369341850281,0.4418126344680786,0.4086182713508606
1604202295.0874937,-0.3829510509967804,0.41025540232658386,0.40880268812179565
1604202295.2928529,-0.3652062714099884,0.39815691113471985,0.4088077247142792
1604202295.4983082,-0.32447731494903564,0.4033054709434509,0.4081544280052185
1604202295.7890823,-0.22364574670791626,0.4016294777393341,0.4115661382675171
1604202295.901238,-0.22364574670791626,0.4016294777393341,0.4115661382675171
1604202296.111897,-0.18446119129657745,0.3884247839450836,0.41309645771980286
1604202296.312012,-0.15072821080684662,0.3751126229763031,0.4120620787143707
1604202296.5145562,-0.07387685775756836,0.36140549182891846,0.39575105905532837
1604202296.7259333,-0.036731328815221786,0.3535752296447754,0.3973138630390167
1604202296.9330196,0.051484137773513794,0.38920819759368896,0.40108469128608704
1604202297.134014,0.12335599958896637,0.40332528948783875,0.3932344913482666
1604202297.344905,0.16218401491641998,0.4018901288509369,0.4062531888484955
1604202297.5403295,0.20725062489509583,0.407389372587204,0.41299891471862793
1604202297.7408655,0.24873510003089905,0.41141173243522644,0.4091843068599701
1604202297.9569962,0.2798200845718384,0.4019061326980591,0.40287506580352783
1604202298.157467,0.3087508976459503,0.39278340339660645,0.4070838391780853
1604202298.3602421,0.3314659595489502,0.3883312940597534,0.40936216711997986
1604202298.5756814,0.35186681151390076,0.392810195684433,0.4162854552268982
1604202298.769653,0.3673648238182068,0.3980371654033661,0.42921173572540283
1604202298.9732676,0.37743207812309265,0.3977433443069458,0.4403746426105499
1604202299.1785598,0.3778625428676605,0.38323691487312317,0.4503868818283081
1604202299.3838189,0.37486544251441956,0.3634631633758545,0.4710225462913513
1604202299.5886216,0.38364195823669434,0.3438403606414795,0.49323955178260803
1604202299.795333,0.40456753969192505,0.3351791501045227,0.5155682563781738
1604202299.9950573,0.4319767355918884,0.33336201310157776,0.533237636089325
1604202300.2004266,0.4626257121562958,0.336680144071579,0.5485966205596924
1604202300.4260297,0.49593546986579895,0.33729088306427,0.5607869029045105
1604202300.610315,0.5344417691230774,0.32576534152030945,0.5683929324150085
1604202300.812092,0.6403523683547974,0.26559123396873474,0.6043761372566223
1604202301.0174627,0.6403523683547974,0.26559123396873474,0.6043761372566223
1604202301.2179458,0.7094354629516602,0.234050452709198,0.6279314756393433
1604202301.423326,0.7657783031463623,0.20726212859153748,0.6481616497039795
1604202301.6443973,0.8252944350242615,0.18140572309494019,0.6771968603134155
1604202301.8299568,0.881040632724762,0.16248588263988495,0.7089633345603943
1604202302.0338626,0.9431619048118591,0.1418532431125641,0.7064347267150879
1604202302.2415833,1.0252578258514404,0.11931499093770981,0.6905024647712708
1604202302.440587,1.1205846071243286,0.11508766561746597,0.6635913848876953
1604202302.641548,1.2066296339035034,0.12628445029258728,0.6220223903656006
1604202302.8502285,1.2640714645385742,0.16890700161457062,0.5674349665641785
1604202303.0502443,1.302254557609558,0.23048095405101776,0.5203738808631897
1604202303.2536569,1.323707938194275,0.28901150822639465,0.4790195822715759
1604202303.4648247,1.3445549011230469,0.31587859988212585,0.45634156465530396
1604202303.6649468,1.3677587509155273,0.29680782556533813,0.45633065700531006
1604202303.866246,1.3797625303268433,0.2439931333065033,0.4869444966316223
1604202304.0704367,1.3851124048233032,0.17532698810100555,0.5303678512573242
1604202304.279253,1.3836190700531006,0.11429104208946228,0.5732187032699585
1604202304.481856,1.388556718826294,0.048790402710437775,0.6603063941001892
1604202304.693707,1.388556718826294,0.048790402710437775,0.6603063941001892
1604202304.8873172,1.4217852354049683,0.017458640038967133,0.6806324124336243
1604202305.0879266,1.4906401634216309,-0.01929614320397377,0.6739801168441772
1604202305.3153715,1.5632495880126953,-0.03980045020580292,0.6288801431655884
1604202305.4984815,1.652357816696167,0.015555213205516338,0.5550577640533447
1604202305.7011075,1.7192509174346924,0.1123586893081665,0.5040006637573242
1604202305.910308,1.7192509174346924,0.1123586893081665,0.5040006637573242
1604202306.1063821,1.7822270393371582,0.20146329700946808,0.4740390181541443
1604202306.3114717,1.8369057178497314,0.2615821659564972,0.4539717137813568
1604202306.5178156,1.889198899269104,0.2865873873233795,0.4347188472747803
1604202306.7155466,1.9367947578430176,0.28746339678764343,0.4295544922351837
1604202306.9264941,1.9744676351547241,0.2742340564727783,0.43602442741394043
1604202307.1431022,2.004302501678467,0.2551596760749817,0.44695568084716797
1604202307.3430047,2.062472343444824,0.2477998286485672,0.4472532272338867
1604202307.5478845,2.078579902648926,0.27347978949546814,0.43545472621917725
1604202307.7947223,2.0725739002227783,0.311995267868042,0.4216320812702179
1604202307.9740887,2.0521299839019775,0.3503771722316742,0.4086926281452179
1604202308.6357052,2.0521299839019775,0.3503771722316742,0.4086926281452179
1604202308.9082355,2.0521299839019775,0.3503771722316742,0.4086926281452179
1604202309.044829,2.025689125061035,0.37361791729927063,0.3972758650779724
1604202309.4765594,2.025689125061035,0.37361791729927063,0.3972758650779724
