1604202278.5827944,0.262241393327713,-0.4264198839664459,0.4941978454589844
1604202278.7795162,0.262241393327713,-0.4264198839664459,0.4941978454589844
1604202278.9846745,0.25673583149909973,-0.4276967942714691,0.49118947982788086
1604202279.1870558,0.25262776017189026,-0.42362430691719055,0.4942402243614197
1604202279.3894954,0.25399836897850037,-0.42286357283592224,0.4931749105453491
1604202279.5948899,0.2614709138870239,-0.42748087644577026,0.4860744774341583
1604202279.8107862,0.27281510829925537,-0.42989563941955566,0.4841291904449463
1604202279.999909,0.2742866277694702,-0.42824360728263855,0.48147282004356384
1604202280.2006946,0.2715655565261841,-0.420291006565094,0.47859591245651245
1604202280.4023466,0.2626952826976776,-0.4171725809574127,0.4833049476146698
1604202280.603822,0.25094088912010193,-0.4165571630001068,0.48207807540893555
1604202280.8042262,0.24650980532169342,-0.4192771911621094,0.48137038946151733
1604202281.0363412,0.23934151232242584,-0.4220273494720459,0.4852721691131592
1604202281.2153769,0.23934151232242584,-0.4220273494720459,0.4852721691131592
1604202281.4171758,0.22172409296035767,-0.41583600640296936,0.48189929127693176
1604202281.6206286,0.22172409296035767,-0.41583600640296936,0.48189929127693176
1604202281.826215,0.1939096450805664,-0.40415239334106445,0.4767429232597351
1604202282.0305436,0.1939096450805664,-0.40415239334106445,0.4767429232597351
1604202282.2329042,0.1787179857492447,-0.39437606930732727,0.4696184992790222
1604202282.4354863,0.1787179857492447,-0.39437606930732727,0.4696184992790222
1604202282.6611693,0.1787179857492447,-0.39437606930732727,0.4696184992790222
1604202282.8545716,0.1540958136320114,-0.3573812246322632,0.4533202052116394
1604202283.0711465,0.1360706090927124,-0.3314807713031769,0.4518471956253052
1604202283.2735624,0.1360706090927124,-0.3314807713031769,0.4518471956253052
1604202283.4893134,0.1172538474202156,-0.3210168778896332,0.4468630254268646
1604202283.683974,0.09514395892620087,-0.3193589448928833,0.4464685320854187
1604202283.8891819,0.07418987900018692,-0.3224794566631317,0.4483310282230377
1604202284.1536913,0.05065637454390526,-0.3072185516357422,0.45849427580833435
1604202284.2999113,0.032922741025686264,-0.2925419509410858,0.4594722092151642
1604202284.503875,-0.02841866761445999,-0.2822692394256592,0.4705062806606293
1604202284.773625,-0.0562911294400692,-0.2605479657649994,0.4640503525733948
1604202284.9110947,-0.07600508630275726,-0.22446401417255402,0.4640541672706604
1604202285.1164389,-0.10495707392692566,-0.19307881593704224,0.4615442454814911
1604202285.32457,-0.18113860487937927,-0.16024817526340485,0.4424860179424286
1604202285.52476,-0.20746415853500366,-0.14625412225723267,0.43523120880126953
1604202285.728285,-0.23310311138629913,-0.1350664496421814,0.4365752041339874
1604202285.9939666,-0.23310311138629913,-0.1350664496421814,0.4365752041339874
1604202286.1337922,-0.2633592188358307,-0.1179051622748375,0.4410855770111084
1604202286.3391018,-0.3445471227169037,-0.06644546985626221,0.4338880777359009
1604202286.5527706,-0.3790954053401947,-0.04473024979233742,0.42823219299316406
1604202286.743,-0.3790954053401947,-0.04473024979233742,0.42823219299316406
1604202286.9673495,-0.4502960741519928,-0.014130789786577225,0.42188337445259094
1604202287.176557,-0.49658873677253723,0.002526303054764867,0.4275567829608917
1604202287.3747993,-0.5661293268203735,0.05790853500366211,0.41210293769836426
1604202287.5775456,-0.5977689623832703,0.09073958545923233,0.40553101897239685
1604202287.789808,-0.6136555671691895,0.1278681606054306,0.4031011462211609
1604202287.9822032,-0.6132861971855164,0.1592717319726944,0.41220518946647644
1604202288.1870587,-0.5860623717308044,0.20532363653182983,0.4202077090740204
1604202288.3994727,-0.567686140537262,0.35660862922668457,0.4101516306400299
1604202288.6253176,-0.567686140537262,0.35660862922668457,0.4101516306400299
1604202288.8155982,-0.6117739081382751,0.41773781180381775,0.425832599401474
1604202289.037546,-0.6936814188957214,0.4878283441066742,0.42506012320518494
1604202289.2288842,-0.804311215877533,0.5651447772979736,0.41487714648246765
1604202289.4318197,-0.9079165458679199,0.6165030002593994,0.3957284092903137
1604202289.641028,-0.9959094524383545,0.6130104660987854,0.3788779079914093
1604202289.8364675,-0.9959094524383545,0.6130104660987854,0.3788779079914093
1604202290.0469725,-1.0102447271347046,0.5675569772720337,0.3681837320327759
1604202290.2552042,-0.9686684608459473,0.5299220085144043,0.32873937487602234
1604202290.4549177,-0.9201881289482117,0.5651591420173645,0.26308995485305786
1604202290.6593335,-0.9512184262275696,0.6715232133865356,0.2146434187889099
1604202290.8753204,-1.0800833702087402,0.7651903033256531,0.19481265544891357
1604202291.0669234,-1.2489161491394043,0.7606076002120972,0.1788477897644043
1604202291.2722833,-1.236232042312622,0.7015304565429688,0.17846211791038513
1604202291.4926631,-1.197724461555481,0.640637218952179,0.20922832190990448
1604202291.7147985,-1.1842753887176514,0.5791875123977661,0.2625278830528259
1604202291.886059,-1.1997764110565186,0.5211257934570312,0.3194310665130615
1604202292.1217678,-1.2171461582183838,0.4765068292617798,0.3546651005744934
1604202292.314042,-1.2280712127685547,0.4575616121292114,0.3693164587020874
1604202292.5204296,-1.2411302328109741,0.47815248370170593,0.35197216272354126
1604202292.7258408,-1.2548311948776245,0.517927885055542,0.32615914940834045
1604202292.9227655,-1.2733874320983887,0.5536816120147705,0.31692659854888916
1604202293.133541,-1.3010014295578003,0.5821760296821594,0.3192281424999237
1604202293.3455818,-1.321168303489685,0.5953488945960999,0.32773667573928833
1604202293.5727115,-1.321168303489685,0.5953488945960999,0.32773667573928833
1604202293.7423797,-1.3174141645431519,0.5822515487670898,0.34098055958747864
1604202293.9586022,-1.2608978748321533,0.49907612800598145,0.37694138288497925
1604202294.1444416,-1.24125337600708,0.462516188621521,0.392723947763443
1604202294.3490396,-1.2259702682495117,0.4377667307853699,0.3975396156311035
1604202294.5576365,-1.2160481214523315,0.42104312777519226,0.4080333411693573
1604202294.7530763,-1.1977081298828125,0.40770062804222107,0.40525078773498535
1604202294.954504,-1.1649292707443237,0.4038323760032654,0.4046344459056854
1604202295.1595147,-1.131128191947937,0.4182010591030121,0.3969224989414215
1604202295.3626487,-1.0971901416778564,0.4424594044685364,0.39340537786483765
1604202295.5679944,-1.0971901416778564,0.4424594044685364,0.39340537786483765
1604202295.7732108,-1.0647621154785156,0.45799490809440613,0.39937838912010193
1604202295.9740825,-1.026366114616394,0.4504602253437042,0.4021671712398529
1604202296.1857855,-1.026366114616394,0.4504602253437042,0.4021671712398529
1604202296.377278,-0.9472749829292297,0.4172315299510956,0.4130092263221741
1604202296.583353,-0.8980451226234436,0.42209088802337646,0.41115549206733704
1604202296.7840955,-0.8980451226234436,0.42209088802337646,0.41115549206733704
1604202296.9969862,-0.8011634349822998,0.4353313148021698,0.41245967149734497
1604202297.1882758,-0.8011634349822998,0.4353313148021698,0.41245967149734497
1604202297.3936439,-0.7683834433555603,0.4160788655281067,0.40498805046081543
1604202297.6054173,-0.7683834433555603,0.4160788655281067,0.40498805046081543
1604202297.8101387,-0.7027281522750854,0.3708997964859009,0.4011487364768982
1604202298.0155215,-0.7027281522750854,0.3708997964859009,0.4011487364768982
1604202298.2586703,-0.6649131774902344,0.38572415709495544,0.40539848804473877
1604202298.4201643,-0.6204462051391602,0.40570735931396484,0.40429461002349854
1604202298.624857,-0.5433328747749329,0.4055420458316803,0.39322689175605774
1604202298.8334851,-0.48392999172210693,0.3624553680419922,0.413270503282547
1604202299.0329716,-0.43538689613342285,0.3927572965621948,0.4435294270515442
1604202299.237675,-0.4442741870880127,0.40941348671913147,0.45955950021743774
1604202299.4386163,-0.4552984833717346,0.396070271730423,0.4763965308666229
1604202299.6422791,-0.45203936100006104,0.36881670355796814,0.49380505084991455
1604202299.8428323,-0.43628212809562683,0.3411419093608856,0.5029215812683105
1604202300.0489388,-0.41096431016921997,0.32415246963500977,0.5208419561386108
1604202300.2659247,-0.37301918864250183,0.3140994608402252,0.5439232587814331
1604202300.4580116,-0.33971455693244934,0.31292611360549927,0.5529497861862183
1604202300.6630452,-0.306655615568161,0.3114166259765625,0.5671207904815674
1604202300.9258847,-0.26721981167793274,0.29655149579048157,0.5852201581001282
1604202301.0736938,-0.20711162686347961,0.27279970049858093,0.6064101457595825
1604202301.288722,-0.07727665454149246,0.2164577841758728,0.6462287902832031
1604202301.4786484,-0.02060648426413536,0.18291649222373962,0.6799134016036987
1604202301.6809304,0.048039909452199936,0.1472778022289276,0.6954413056373596
1604202301.923356,0.1259468048810959,0.11982353776693344,0.6834989786148071
1604202302.0863764,0.2054879367351532,0.10290876775979996,0.6652528643608093
1604202302.2917018,0.2915671467781067,0.10511191934347153,0.6257807016372681
1604202302.5055475,0.3590773940086365,0.13841384649276733,0.574694812297821
1604202302.6988645,0.39901262521743774,0.1995542198419571,0.5358135104179382
1604202302.8994775,0.42029598355293274,0.268323689699173,0.5001157522201538
1604202303.109165,0.4462507367134094,0.313448041677475,0.46527916193008423
1604202303.3093421,0.47684597969055176,0.3369434177875519,0.4538614749908447
1604202303.5202572,0.501538872718811,0.33101752400398254,0.4516235291957855
1604202303.7321649,0.5232388377189636,0.2897382974624634,0.46272823214530945
1604202303.9263463,0.5302205681800842,0.21627771854400635,0.5065728425979614
1604202304.1316242,0.5286312699317932,0.0772320032119751,0.6128336191177368
1604202304.3375752,0.5366828441619873,0.04301771521568298,0.6511096954345703
1604202304.5377603,0.5674195885658264,0.013225635513663292,0.6811265349388123
1604202304.7431042,0.5674195885658264,0.013225635513663292,0.6811265349388123
1604202304.9595287,0.6144504547119141,-0.02753538452088833,0.679328441619873
1604202305.1463947,0.6868875026702881,-0.03471294417977333,0.6457017064094543
1604202305.348362,0.7721709609031677,0.001452900469303131,0.5855005383491516
1604202305.5613103,0.8492715358734131,0.09474378824234009,0.5286701917648315
1604202305.7548773,0.9087211489677429,0.19339799880981445,0.4944547116756439
1604202305.958961,0.9577216506004333,0.2596539258956909,0.4690399169921875
1604202306.1707578,0.9998568296432495,0.28581058979034424,0.4419979453086853
1604202306.364185,1.056556224822998,0.2875414192676544,0.42780378460884094
1604202306.5663528,1.1196720600128174,0.2777460813522339,0.42420631647109985
1604202306.773789,1.1196720600128174,0.2777460813522339,0.42420631647109985
1604202306.9698558,1.2158892154693604,0.2732532024383545,0.4482181668281555
1604202307.170993,1.2533576488494873,0.27301692962646484,0.45242059230804443
1604202307.3792753,1.2533576488494873,0.27301692962646484,0.45242059230804443
1604202307.5797572,1.2824429273605347,0.3061801493167877,0.42469534277915955
1604202307.8159757,1.2824429273605347,0.3061801493167877,0.42469534277915955
1604202307.9954512,1.261883020401001,0.3370623290538788,0.4141114056110382
1604202308.2094178,1.2347087860107422,0.3580942749977112,0.40707698464393616
1604202308.4150345,1.2090190649032593,0.37323272228240967,0.3947899341583252
1604202308.6180103,1.1928647756576538,0.3909604549407959,0.39372533559799194
1604202308.8226724,1.1866755485534668,0.4019608199596405,0.3930372893810272
1604202309.0246212,1.1743495464324951,0.4082818031311035,0.39711901545524597
1604202309.2321923,1.163141131401062,0.4097617566585541,0.39140793681144714
1604202309.428416,1.1491942405700684,0.41285187005996704,0.381784588098526
