1604191927.5310552,0.0,0.0,0.0,1.740462051095904,
1604191927.6940143,0.0,0.0,0.0,1.7419960045487015,
1604191927.9050643,0.0,0.0,0.0,1.741444271768544,
1604191928.1183603,0.0,0.0,0.0,1.7407881404620469,
1604191928.3081784,0.0,0.0,0.0,1.734237358747702,
1604191928.5102108,0.0,0.0,0.0,1.7295937003362734,
1604191928.728702,0.0,0.0,0.0,1.721361561115045,
1604191928.9185038,0.0,0.0,0.0,1.7191634141648044,
1604191929.1224768,0.0,0.0,0.0,1.7159566620911815,
1604191929.3559954,0.0,0.0,0.0,1.7153187106483614,
1604191929.5302608,0.0,0.0,0.0,1.711833786053774,
1604191929.7352977,0.0,0.0,0.0,1.699789137757189,
1604191929.9511664,0.0,0.0,0.0,1.6988928213384573,
1604191930.1450756,0.0,0.0,0.0,1.6785699826715281,
1604191930.349141,0.0,0.0,0.0,1.6655038004700828,
1604191930.5885274,0.0,0.0,0.0,1.6303290821008596,
1604191930.761341,0.0,0.0,0.0,1.6222718711115809,
1604191930.963157,0.0,0.0,0.0,1.5853198532768629,
1604191931.1641846,0.0,0.0,0.0,1.5622660376672721,
1604191931.366937,0.0,0.0,0.0,1.5622660376672721,
1604191931.5693173,0.0,0.0,0.0,1.5298263784645132,
1604191931.7738788,0.0,0.0,0.0,1.5025122955442975,
1604191931.9783964,0.0,0.0,0.0,1.4575361586130848,
1604191932.1803122,0.0,0.0,0.0,1.4422084034181615,
1604191932.421343,0.0,0.0,0.0,1.3884050607907101,
1604191932.5850143,0.0,0.0,0.0,1.358464911406983,
1604191932.788343,0.0,0.0,0.0,1.3192131425700222,
1604191932.989793,0.0,0.0,0.0,1.2476103479645224,
1604191933.1949654,0.0,0.0,0.0,1.2243943358024074,
1604191933.4225144,0.0,0.0,0.0,1.1809362650741562,
1604191933.6175685,0.0,0.0,0.0,1.1260420119714676,
1604191933.822854,0.0,0.0,0.0,1.0442775890530998,
1604191934.025513,0.0,0.0,0.0,0.9866612924137086,
1604191934.2536488,0.0,0.0,0.0,0.9307616533536096,
1604191934.4358995,0.0,0.0,0.0,0.8740071988909743,
1604191934.6515,0.0,0.0,0.0,0.8107895954254734,
1604191934.868718,0.0,0.0,0.0,0.7064518772033512,
1604191935.055918,0.0,0.0,0.0,0.67559230461408,
1604191935.259686,0.0,0.0,0.0,0.6075241794700995,
1604191935.4697373,-0.00455568176177238,0.02275304971065283,0.0007465492620896215,0.5120355402155251,
1604191935.67178,-0.008908341683967102,0.0415862316391661,0.0016127827394203352,0.4795090506530562,
1604191935.8769722,-0.02463249644320684,0.10455868085519429,0.003837208315737517,0.4018692984170792,
1604191936.0820544,-0.04503036966728235,0.16036019178530225,0.008956307406742971,0.3447330083130476,
1604191936.2900577,-0.0710487575917838,0.21539291563241583,0.01746024044728807,0.2886308159896114,
1604191936.491751,-0.09248962465051103,0.25893983472044235,0.021722890408074878,0.23953429464085024,
1604191936.7194796,-0.11746452009505799,0.28086727650533594,0.02574809619216724,0.19972713821063046,
1604191936.8955505,-0.1544898799430315,0.26735408463721955,0.027138457460109684,0.1915238848075747,
1604191937.0996068,-0.19861359141047785,0.2276689590472014,0.03881714731885542,0.19946091242641847,
1604191937.3157609,-0.22588934143358785,0.1622345966844861,0.051887430359804546,0.22764118703716724,
1604191937.50552,-0.23220565770371743,0.13530054120118448,0.053312609831650586,0.23782106471287298,
1604191937.7109053,-0.2288577721406714,0.07235381904039101,0.05106568396607408,0.2679080766665137,
1604191937.9315033,-0.17748960440943978,-0.009227721969413087,0.033158522473420673,0.3299340338142162,
1604191938.1224284,-0.08858988333211969,-0.03421185411131373,0.017365496842626008,0.41207261377578214,
1604191938.3234174,-0.01125312692555866,-0.008193203685631608,0.0020841997318041304,0.5316674685048078,
1604191938.5595067,0.0,0.0,0.0,0.66209887481688,
1604191938.7382126,0.0,0.0,0.0,0.7210256812639392,
1604191938.9394848,0.0,0.0,0.0,0.8215598250244532,
1604191939.1449096,0.0,0.0,0.0,0.8215598250244532,
1604191939.3450837,0.0,0.0,0.0,0.8068198679015794,
1604191939.604737,0.0,0.0,0.0,0.8010452255421553,
1604191939.7769837,0.0,0.0,0.0,0.7890736829785588,
1604191939.9587884,0.0,0.0,0.0,0.7914902645978842,
1604191940.160149,0.0,0.0,0.0,0.805639824009187,
1604191940.3794692,0.0,0.0,0.0,0.819519863693507,
1604191940.5659735,0.0,0.0,0.0,0.8303041857287591,
1604191940.7713358,0.0,0.0,0.0,0.8285507131209888,
1604191940.9762535,0.0,0.0,0.0,0.8181219216825686,
1604191941.1874611,0.0,0.0,0.0,0.8062526588657966,
1604191941.382351,0.0,0.0,0.0,0.8002708426458548,
1604191941.5876508,0.0,0.0,0.0,0.803162681248992,
1604191941.7904139,0.0,0.0,0.0,0.8078723329283785,
1604191941.9919965,0.0,0.0,0.0,0.80656313490719,
1604191942.1977246,0.0,0.0,0.0,0.8020084185131705,
1604191942.4297845,0.0,0.0,0.0,0.8020084185131705,
1604191942.5982082,0.0,0.0,0.0,0.7994435661617183,
1604191942.7991624,0.0,0.0,0.0,0.7956693460326106,
1604191943.0021667,0.0,0.0,0.0,0.7880733192015485,
1604191943.20753,0.0,0.0,0.0,0.8052152169622236,
1604191943.4222589,0.0,0.0,0.0,0.8220876597204791,
1604191943.6127288,0.0,0.0,0.0,0.8195155095042636,
1604191943.8177273,0.0,0.0,0.0,0.8069645911894766,
1604191944.0306706,0.0,0.0,0.0,0.797744097936633,
1604191944.2236845,0.0,0.0,0.0,0.7977623272043464,
1604191944.429057,0.0,0.0,0.0,0.7976741853469758,
1604191944.6333199,0.0,0.0,0.0,0.794265995001909,
1604191944.8353095,0.0,0.0,0.0,0.7928974927620235,
1604191945.0404203,0.0,0.0,0.0,0.7987833318920415,
1604191945.2488525,0.0,0.0,0.0,0.8065027034725847,
1604191945.4464555,0.0,0.0,0.0,0.8138778620569173,
1604191945.6506383,0.0,0.0,0.0,0.8069659240986701,
1604191945.8898947,0.0,0.0,0.0,0.8130211117614268,
1604191946.0597534,0.0,0.0,0.0,0.801326084408317,
1604191946.2627144,0.0,0.0,0.0,0.7911065869113733,
1604191946.4735634,0.0,0.0,0.0,0.7847209894689808,
1604191946.679403,0.0,0.0,0.0,0.7768247298723886,
1604191946.8828955,0.0,0.0,0.0,0.7732552977846674,
1604191947.087396,0.0,0.0,0.0,0.7858073031225686,
1604191947.292722,0.0,0.0,0.0,0.7971310396010175,
1604191947.4959285,0.0,0.0,0.0,0.7984456280903206,
1604191947.7053242,0.0,0.0,0.0,0.7989197874210936,
1604191947.905476,0.0,0.0,0.0,0.7717722814082693,
1604191948.105761,0.0,0.0,0.0,0.7781897023499195,
1604191948.320071,0.0,0.0,0.0,0.7796883922252378,
1604191948.6346624,0.0,0.0,0.0,0.8145527814082638,
1604191948.735005,0.0,0.0,0.0,0.7828140294111477,
1604191948.933701,0.0,0.0,0.0,0.7409663584079217,
1604191949.1333077,0.0,0.0,0.0,0.7091734952042148,
1604191949.3531482,0.0,0.0,0.0,0.72480323288696,
1604191949.5879314,0.0,0.0,0.0,0.7406815908180083,
1604191949.759107,0.0,0.0,0.0,0.7667388609753908,
1604191949.960831,0.0,0.0,0.0,0.7755078151905502,
1604191950.1781352,0.0,0.0,0.0,0.7653055349593748,
1604191950.3670084,0.0,0.0,0.0,0.8011099466698444,
1604191950.6067553,0.0,0.0,0.0,0.8862657592810178,
1604191950.807485,0.0,0.0,0.0,0.9482511156723842,
1604191950.9808197,0.0,0.0,0.0,0.9670704113925853,
1604191951.186162,0.0,0.0,0.0,0.9613874332235623,
1604191951.3913715,0.0,0.0,0.0,0.906631869281039,
1604191951.6293263,0.0,0.0,0.0,0.8708170342153502,
1604191951.7985768,0.0,0.0,0.0,0.86599629573796,
1604191952.0128803,0.0,0.0,0.0,0.8769139192584303,
1604191952.2044754,0.0,0.0,0.0,0.8623402238288275,
1604191952.4083118,0.0,0.0,0.0,0.8534827532553927,
1604191952.6163545,0.0,0.0,0.0,0.8265689381537724,
1604191952.8122392,0.0,0.0,0.0,0.7846785630301202,
1604191953.0134702,0.0,0.0,0.0,0.7611301886760641,
1604191953.2243767,0.0,0.0,0.0,0.7619179152712544,
1604191953.4231021,0.0,0.0,0.0,0.7755419945669766,
1604191953.6263247,0.0,0.0,0.0,0.8041850257335549,
1604191953.8305528,0.0,0.0,0.0,0.8110405019334568,
1604191954.0356889,0.0,0.0,0.0,0.8090098805763049,
1604191954.2400475,0.0,0.0,0.0,0.794729790716631,
1604191954.451723,0.0,0.0,0.0,0.7905838085049862,
