1604191927.1452165,0.0,0.0,0.0,2.1124296810395036,
1604191927.3474631,0.0,0.0,0.0,2.1121877457567915,
1604191927.552856,0.0,0.0,0.0,2.1151950522599083,
1604191927.773824,0.0,0.0,0.0,2.113077658038067,
1604191927.9787254,0.0,0.0,0.0,2.112747665769842,
1604191928.2011464,0.0,0.0,0.0,2.10931370303259,
1604191928.4050982,0.0,0.0,0.0,2.0885210146822,
1604191928.605319,0.0,0.0,0.0,2.0782358965876955,
1604191928.805378,0.0,0.0,0.0,2.078091124612391,
1604191929.0103028,0.0,0.0,0.0,2.0790811002515692,
1604191929.2139149,0.0,0.0,0.0,2.0775691484079175,
1604191929.4208941,0.0,0.0,0.0,2.071403311195359,
1604191929.6211278,0.0,0.0,0.0,2.058135739688471,
1604191929.8264663,0.0,0.0,0.0,2.0455347548649727,
1604191930.0317545,0.0,0.0,0.0,2.038726709240281,
1604191930.2371473,0.0,0.0,0.0,2.0332584774191202,
1604191930.444088,0.0,0.0,0.0,2.0300035824572458,
1604191930.6482747,0.0,0.0,0.0,2.0218139580376864,
1604191930.8487866,0.0,0.0,0.0,2.0104658607153474,
1604191931.0541742,0.0,0.0,0.0,1.9922143799081324,
1604191931.259558,0.0,0.0,0.0,1.9784038938990147,
1604191931.4618192,0.0,0.0,0.0,1.9636572942128614,
1604191931.6645312,0.0,0.0,0.0,1.9497993919802488,
1604191931.8708942,0.0,0.0,0.0,1.9382220922473234,
1604191932.074719,0.0,0.0,0.0,1.915206120313293,
1604191932.2807925,0.0,0.0,0.0,1.886422460074473,
1604191932.4861782,0.0,0.0,0.0,1.8627618964135602,
1604191932.7079008,0.0,0.0,0.0,1.841256306603654,
1604191932.8940172,0.0,0.0,0.0,1.812224828836708,
1604191933.0996087,0.0,0.0,0.0,1.7909115217360587,
1604191933.304629,0.0,0.0,0.0,1.765683276125663,
1604191933.5085704,0.0,0.0,0.0,1.7363010724685133,
1604191933.71318,0.0,0.0,0.0,1.7042344499868585,
1604191933.9163117,0.0,0.0,0.0,1.6735271372939673,
1604191934.1177392,0.0,0.0,0.0,1.6457577045190144,
1604191934.3196092,0.0,0.0,0.0,1.6187415135291687,
1604191934.5235186,0.0,0.0,0.0,1.590579415635922,
1604191934.7250123,0.0,0.0,0.0,1.5542364105813313,
1604191934.9284706,0.0,0.0,0.0,1.4967764801708063,
1604191935.1311672,0.0,0.0,0.0,1.4819502863319778,
1604191935.335917,0.0,0.0,0.0,1.426254841131809,
1604191935.5412278,0.0,0.0,0.0,1.4083648579565602,
1604191935.7466054,0.0,0.0,0.0,1.3749564387179312,
1604191935.9468737,0.0,0.0,0.0,1.3404872843471682,
1604191936.14814,0.0,0.0,0.0,1.3085778516774216,
1604191936.3563173,0.0,0.0,0.0,1.2767284731090998,
1604191936.5621436,0.0,0.0,0.0,1.25383394843061,
1604191936.7675173,0.0,0.0,0.0,1.2305019863568754,
1604191936.9728718,0.0,0.0,0.0,1.1946493153219797,
1604191937.1754644,0.0,0.0,0.0,1.1470033396623376,
1604191937.3786666,0.0,0.0,0.0,1.0925497660390489,
1604191937.580253,0.0,0.0,0.0,1.0427221927330044,
1604191937.781167,0.0,0.0,0.0,1.0000983412575741,
1604191937.9865327,0.0,0.0,0.0,0.9549625627034298,
1604191938.1918988,0.0,0.0,0.0,0.8968538201300028,
1604191938.4022155,0.0,0.0,0.0,0.8354685524109325,
1604191938.6029656,0.0,0.0,0.0,0.7985180667685311,
1604191938.8083162,0.0,0.0,0.0,0.7875843460478255,
1604191939.0139937,0.0,0.0,0.0,0.8242061600685932,
1604191939.2147365,0.0,0.0,0.0,0.8227243525244694,
1604191939.4200773,0.0,0.0,0.0,0.9504791924082135,
1604191939.6207607,0.0,0.0,0.0,0.9470114858188134,
1604191939.8245168,0.0,0.0,0.0,0.9938775702904038,
1604191940.0283515,0.0,0.0,0.0,1.0153089058348113,
1604191940.2392056,0.0,0.0,0.0,1.0200369648953709,
1604191940.4408839,0.0,0.0,0.0,1.0189956015125832,
1604191940.6435118,0.0,0.0,0.0,1.009149677055521,
1604191940.8443494,0.0,0.0,0.0,0.9942549549997457,
1604191941.047153,0.0,0.0,0.0,0.98897280367836,
1604191941.2477438,0.0,0.0,0.0,0.9860308332768248,
1604191941.4522874,0.0,0.0,0.0,0.9870706959315,
1604191941.6566195,0.0,0.0,0.0,0.9948721814839974,
1604191941.861603,0.0,0.0,0.0,0.9995628394045365,
1604191942.0629153,0.0,0.0,0.0,1.00591182947532,
1604191942.2875307,0.0,0.0,0.0,1.0073274484779964,
1604191942.4896939,0.0,0.0,0.0,0.9949082274295872,
1604191942.6910253,0.0,0.0,0.0,0.9916428826056888,
1604191942.8967974,0.0,0.0,0.0,0.988695078772818,
1604191943.1016176,0.0,0.0,0.0,1.0175061616182293,
1604191943.3124788,0.0,0.0,0.0,0.9673923442449658,
1604191943.514739,0.0,0.0,0.0,0.9617396765005397,
1604191943.7199852,0.0,0.0,0.0,0.9284997733728886,
1604191943.9248197,0.0,0.0,0.0,0.9013469976571882,
1604191944.127468,0.0,0.0,0.0,0.8710139602443064,
1604191944.3328557,0.0,0.0,0.0,0.8325188196843565,
1604191944.537442,0.0,0.0,0.0,0.7825505663661829,
1604191944.7417624,0.0,0.0,0.0,0.7369784301815833,
1604191944.945538,0.0,0.0,0.0,0.7048906355923444,
1604191945.1500359,0.0,0.0,0.0,0.6605251026514916,
1604191945.355422,0.0,0.0,0.0,0.6226048833363326,
1604191945.5563884,0.0010032748687021766,-2.261156956871165e-05,-5.756250932098476e-05,0.5820653860101966,
1604191945.7596693,0.009987564980563104,-1.3113968074858616e-05,-0.0005637154412940995,0.5427952681545227,
1604191945.96366,0.02554147443514937,0.0007316519462643705,-0.0013619406388841672,0.5074777525791948,
1604191946.1650574,0.029220951897160775,0.0007733518047181023,-0.0016143617322277367,0.5008040268626145,
1604191946.370443,0.05507435601384641,0.002964952186947474,-0.003444149929484738,0.46167984890790753,
1604191946.5748978,0.09050757070891842,0.00727456317884063,-0.00790956434197008,0.41886501216652317,
1604191946.7799044,0.12084688630530638,0.008982691165623575,-0.011831853595414816,0.3871418366454319,
1604191946.9851444,0.13706767946468565,0.009817017037449194,-0.015698339427402473,0.37087710909255733,
1604191947.1864789,0.15535621916435743,0.005229197639417105,-0.022629210397055354,0.35271772733202866,
1604191947.3889039,0.17886228094780274,0.0014647612781436663,-0.030311486262609457,0.3297225036894961,
1604191947.5933967,0.1989318592043963,0.014436591817768529,-0.04705003278463684,0.3062080944217084,
1604191947.7980683,0.19711774368774865,0.018299597703524805,-0.04692993908869531,0.3075585190249192,
1604191948.0028918,0.1791268208855764,0.05264136806541473,-0.05609116450906605,0.3135142435216544,
1604191948.204,0.1812167604366406,0.05226421924986959,-0.05801508648168877,0.31101780029876047,
1604191948.4052393,0.18399201709599447,0.060823589774411185,-0.06755267361655762,0.3019623745748075,
1604191948.606015,0.16448504183207852,0.06718749239859874,-0.16038685406256897,0.2377750492393093,
1604191948.8171723,0.12228865478801654,0.10829788784626547,-0.15882920014018514,0.24945788955576828,
1604191949.0240066,0.07765680203254752,0.12739379640162138,-0.1394868072627832,0.2787079383609946,
1604191949.2229168,0.036144736335132044,0.10613577753072592,-0.11135943190413371,0.32727584134454024,
1604191949.4237485,0.0040198863268152635,0.06487395346571138,-0.07253296497829471,0.3927789306921405,
1604191949.6261022,-0.0076041487857642885,0.04324017550971067,-0.049098071050841775,0.43288923247324385,
1604191949.8297431,-0.014925242477562961,0.031080239262177234,-0.03356563253005434,0.46016459591443526,
1604191950.0313234,-0.01992297973416591,0.027310587915283534,-0.025518532991370635,0.47174524144166036,
1604191950.2432685,-0.02552510168988484,0.025105154166566886,-0.020538627470863623,0.47586403929060206,
1604191950.4463084,-0.03239223309958379,0.02273778719940511,-0.01703157499986042,0.4750658008712732,
1604191950.65168,-0.033361971833912915,0.024423943004505153,-0.01797708591322144,0.47198624491596985,
1604191950.856008,-0.032004596181162734,0.01611871284036842,-0.01269882454967117,0.4839512087267195,
1604191951.0571895,-0.00401356098145326,0.0010463559230530803,-0.0009333215574162139,0.5626014653462719,
1604191951.259164,0.0,0.0,0.0,0.6126596207214831,
1604191951.462699,0.0,0.0,0.0,0.6611631599856357,
1604191951.6678798,0.0,0.0,0.0,0.7107575638374067,
1604191951.8721616,0.0,0.0,0.0,0.7417015726530294,
1604191952.0763614,0.0,0.0,0.0,0.7662943503925432,
1604191952.2797341,0.0,0.0,0.0,0.7830317707224718,
1604191952.4847844,0.0,0.0,0.0,0.800512113200361,
1604191952.6880972,0.0,0.0,0.0,0.8310741048671012,
1604191952.8906183,0.0,0.0,0.0,0.8744920783306759,
1604191953.0918305,0.0,0.0,0.0,0.8785825915200077,
1604191953.2971783,0.0,0.0,0.0,0.9206647606093277,
1604191953.499655,0.0,0.0,0.0,0.9569604868605903,
1604191953.7055218,0.0,0.0,0.0,0.9760776908028722,
1604191953.907309,0.0,0.0,0.0,0.9745405137623179,
1604191954.112383,0.0,0.0,0.0,0.9647716249612308,
