1604191927.503829,0.0,0.0,0.0,1.7434092252713018,
1604191927.682098,0.0,0.0,0.0,1.7423176895890664,
1604191927.8874946,0.0,0.0,0.0,1.7406077902565398,
1604191928.100907,0.0,0.0,0.0,1.7407881404620469,
1604191928.2910323,0.0,0.0,0.0,1.7344135368456535,
1604191928.5099134,0.0,0.0,0.0,1.7295937003362734,
1604191928.7451234,0.0,0.0,0.0,1.7191634141648044,
1604191929.0019913,0.0,0.0,0.0,1.7191634141648044,
1604191929.175758,0.0,0.0,0.0,1.7159566620911815,
1604191929.3501213,0.0,0.0,0.0,1.71598482749783,
1604191929.5389674,0.0,0.0,0.0,1.711833786053774,
1604191929.7442474,0.0,0.0,0.0,1.699789137757189,
1604191929.9828963,0.0,0.0,0.0,1.6988928213384573,
1604191930.1452665,0.0,0.0,0.0,1.6785699826715281,
1604191930.3493667,0.0,0.0,0.0,1.6655038004700828,
1604191930.5759277,0.0,0.0,0.0,1.6303290821008596,
1604191930.804776,0.0,0.0,0.0,1.6222718711115809,
1604191930.9629405,0.0,0.0,0.0,1.5973994093708241,
1604191931.179741,0.0,0.0,0.0,1.5622660376672721,
1604191931.3748813,0.0,0.0,0.0,1.5622660376672721,
1604191931.5765176,0.0,0.0,0.0,1.5298263784645132,
1604191931.785093,0.0,0.0,0.0,1.5025122955442975,
1604191931.9852722,0.0,0.0,0.0,1.4575361586130848,
1604191932.186669,0.0,0.0,0.0,1.4221854230011188,
1604191932.405518,0.0,0.0,0.0,1.3884050607907101,
1604191932.5908031,0.0,0.0,0.0,1.358464911406983,
1604191932.796154,0.0,0.0,0.0,1.3192131425700222,
1604191933.0084686,0.0,0.0,0.0,1.2476103479645224,
1604191933.201173,0.0,0.0,0.0,1.2243943358024074,
1604191933.4065802,0.0,0.0,0.0,1.1566606605369858,
1604191933.6119313,0.0,0.0,0.0,1.102139428884283,
1604191933.8174386,0.0,0.0,0.0,1.0442775890530998,
1604191934.0192819,0.0,0.0,0.0,0.9866612924137086,
1604191934.2370276,0.0,0.0,0.0,0.9307616533536096,
1604191934.4301775,0.0,0.0,0.0,0.8740071988909743,
1604191934.6355662,0.0,0.0,0.0,0.8107895954254734,
1604191934.8466341,0.0,0.0,0.0,0.742788640899408,
1604191935.0457098,0.0,0.0,0.0,0.67559230461408,
1604191935.249514,0.0,0.0,0.0,0.6075241794700995,
1604191935.5232527,0.00455568176177238,-0.02275304971065283,-0.0007465492620896215,0.5120355402155251,
1604191935.6615646,0.008908341683967102,-0.0415862316391661,-0.0016127827394203352,0.4795090506530562,
1604191935.8637605,0.02463249644320684,-0.10455868085519429,-0.003837208315737517,0.4018692984170792,
1604191936.0714777,0.04503036966728235,-0.16036019178530225,-0.008956307406742971,0.3447330083130476,
1604191936.2688036,0.0710487575917838,-0.21539291563241583,-0.01746024044728807,0.2886308159896114,
1604191936.4739168,0.09248962465051103,-0.25893983472044235,-0.021722890408074878,0.23953429464085024,
1604191936.6815586,0.11746452009505799,-0.28086727650533594,-0.02574809619216724,0.19972713821063046,
1604191936.8796031,0.1544898799430315,-0.26735408463721955,-0.027138457460109684,0.1915238848075747,
1604191937.1434407,0.19861359141047785,-0.2276689590472014,-0.03881714731885542,0.19946091242641847,
1604191937.3002076,0.22588934143358785,-0.1622345966844861,-0.051887430359804546,0.22764118703716724,
1604191937.5382118,0.23220565770371743,-0.13530054120118448,-0.053312609831650586,0.23782106471287298,
1604191937.704132,0.2288577721406714,-0.07235381904039101,-0.05106568396607408,0.2679080766665137,
1604191937.914422,0.17748960440943978,0.009227721969413087,-0.033158522473420673,0.3299340338142162,
1604191938.11207,0.08858988333211969,0.03421185411131373,-0.017365496842626008,0.41207261377578214,
1604191938.3131223,0.01125312692555866,0.008193203685631608,-0.0020841997318041304,0.5316674685048078,
1604191938.5253909,0.0,0.0,0.0,0.66209887481688,
1604191938.7179062,0.0,0.0,0.0,0.7210256812639392,
1604191938.9232998,0.0,0.0,0.0,0.8215598250244532,
1604191939.1263018,0.0,0.0,0.0,0.8215598250244532,
1604191939.32924,0.0,0.0,0.0,0.8148096143465388,
1604191939.5772152,0.0,0.0,0.0,0.8010452255421553,
1604191939.746251,0.0,0.0,0.0,0.7890736829785588,
1604191939.9381733,0.0,0.0,0.0,0.7914902645978842,
1604191940.1659808,0.0,0.0,0.0,0.805639824009187,
1604191940.3536103,0.0,0.0,0.0,0.819519863693507,
1604191940.5498798,0.0,0.0,0.0,0.8303041857287591,
1604191940.7520845,0.0,0.0,0.0,0.8285507131209888,
1604191940.9701574,0.0,0.0,0.0,0.8181219216825686,
1604191941.160085,0.0,0.0,0.0,0.8062526588657966,
1604191941.3654397,0.0,0.0,0.0,0.8002708426458548,
1604191941.5735838,0.0,0.0,0.0,0.803162681248992,
1604191941.7789211,0.0,0.0,0.0,0.8078723329283785,
1604191941.981856,0.0,0.0,0.0,0.80656313490719,
1604191942.1922982,0.0,0.0,0.0,0.8020084185131705,
1604191942.3925056,0.0,0.0,0.0,0.7965563247019721,
1604191942.6058824,0.0,0.0,0.0,0.7966112965036211,
1604191942.8218803,0.0,0.0,0.0,0.7956693460326106,
1604191943.0149844,0.0,0.0,0.0,0.7880733192015485,
1604191943.2203488,0.0,0.0,0.0,0.8052152169622236,
1604191943.428659,0.0,0.0,0.0,0.8220876597204791,
1604191943.6227803,0.0,0.0,0.0,0.8195155095042636,
1604191943.8334122,0.0,0.0,0.0,0.8069645911894766,
1604191944.036401,0.0,0.0,0.0,0.797744097936633,
1604191944.2417278,0.0,0.0,0.0,0.7977623272043464,
1604191944.4448502,0.0,0.0,0.0,0.7976741853469758,
1604191944.6496813,0.0,0.0,0.0,0.794265995001909,
1604191944.8509877,0.0,0.0,0.0,0.7928974927620235,
1604191945.055646,0.0,0.0,0.0,0.7987833318920415,
1604191945.2597892,0.0,0.0,0.0,0.8165871201182563,
1604191945.4651113,0.0,0.0,0.0,0.8138778620569173,
1604191945.6765957,0.0,0.0,0.0,0.8069659240986701,
1604191945.8998592,0.0,0.0,0.0,0.801326084408317,
1604191946.082719,0.0,0.0,0.0,0.801326084408317,
1604191946.2885017,0.0,0.0,0.0,0.7926075885967062,
1604191946.4951146,0.0,0.0,0.0,0.7847209894689808,
1604191946.6947157,0.0,0.0,0.0,0.7850658852468246,
1604191946.899994,0.0,0.0,0.0,0.7732552977846674,
1604191947.1090665,0.0,0.0,0.0,0.7858073031225686,
1604191947.3200307,0.0,0.0,0.0,0.7961175106120922,
1604191947.506227,0.0,0.0,0.0,0.7984456280903206,
1604191947.73759,0.0,0.0,0.0,0.7888548314935473,
1604191947.9169683,0.0,0.0,0.0,0.7717722814082693,
1604191948.1221464,0.0,0.0,0.0,0.7781897023499195,
1604191948.3362591,0.0,0.0,0.0,0.7796883922252378,
1604191948.5273652,0.0,0.0,0.0,0.8175959019392363,
1604191948.7346532,0.0,0.0,0.0,0.7828140294111477,
1604191948.9645512,0.0,0.0,0.0,0.7409663584079217,
1604191949.1489334,0.0,0.0,0.0,0.7091734952042148,
1604191949.423907,0.0,0.0,0.0,0.7149280122409454,
1604191949.5823593,0.0,0.0,0.0,0.7406815908180083,
1604191949.7586453,0.0,0.0,0.0,0.7667388609753908,
1604191950.0144632,0.0,0.0,0.0,0.7755078151905502,
1604191950.1948247,0.0,0.0,0.0,0.7910815732427985,
1604191950.3665645,0.0,0.0,0.0,0.8011099466698444,
1604191950.5706255,0.0,0.0,0.0,0.8862657592810178,
1604191950.801634,0.0,0.0,0.0,0.9482511156723842,
1604191950.986706,0.0,0.0,0.0,0.9670704113925853,
1604191951.2117627,0.0,0.0,0.0,0.9613874332235623,
1604191951.3970647,0.0,0.0,0.0,0.906631869281039,
1604191951.6022935,0.0,0.0,0.0,0.88903040652551,
1604191951.807774,0.0,0.0,0.0,0.86599629573796,
1604191952.0496793,0.0,0.0,0.0,0.9066662721681883,
1604191952.2146082,0.0,0.0,0.0,0.9218519505047946,
1604191952.4199214,0.0,0.0,0.0,0.8749620330694273,
1604191952.63775,0.0,0.0,0.0,0.8828695100234896,
1604191952.8276458,0.0,0.0,0.0,0.7846785630301202,
1604191953.1235943,0.0,0.0,0.0,0.7611301886760641,
1604191953.2354038,0.0,0.0,0.0,0.7619179152712544,
1604191953.439331,0.0,0.0,0.0,0.7755419945669766,
1604191953.6558106,0.0,0.0,0.0,0.8041850257335549,
1604191953.8466806,0.0,0.0,0.0,0.8110405019334568,
1604191954.0469759,0.0,0.0,0.0,0.8090098805763049,
1604191954.2731004,0.0,0.0,0.0,0.794729790716631,
1604191954.451962,0.0,0.0,0.0,0.7767844297378598,
