1604191927.5038073,-0.3929497301578522,-0.8531265258789062,0.4355188310146332
1604191927.682085,-0.3875541388988495,-0.8543873429298401,0.4341086149215698
1604191927.8874817,-0.3878604769706726,-0.853069007396698,0.4355163276195526
1604191928.1008902,-0.39096349477767944,-0.852982223033905,0.44380584359169006
1604191928.291019,-0.39290565252304077,-0.8453850746154785,0.43431857228279114
1604191928.5099,-0.3875303268432617,-0.8398948311805725,0.42629969120025635
1604191928.745102,-0.37975215911865234,-0.8302772641181946,0.4270018935203552
1604191929.0019774,-0.37975215911865234,-0.8302772641181946,0.4270018935203552
1604191929.1757522,-0.3799770176410675,-0.8266072869300842,0.4237498939037323
1604191929.3501127,-0.3813045024871826,-0.8274035453796387,0.423330694437027
1604191929.5389628,-0.38110923767089844,-0.8228298425674438,0.4241476058959961
1604191929.7442434,-0.38470759987831116,-0.8126351833343506,0.4248516857624054
1604191929.9828897,-0.38470759987831116,-0.8126351833343506,0.4248516857624054
1604191930.1452563,-0.3899954557418823,-0.7958881258964539,0.42302006483078003
1604191930.3493533,-0.39133554697036743,-0.7890738844871521,0.420657217502594
1604191930.5758734,-0.3882620930671692,-0.7839449048042297,0.4189853072166443
1604191930.804762,-0.38749927282333374,-0.7758817076683044,0.422525554895401
1604191930.9629273,-0.38579851388931274,-0.7683570384979248,0.4239445626735687
1604191931.1797206,-0.3862154185771942,-0.7545945048332214,0.42166921496391296
1604191931.3748682,-0.3862154185771942,-0.7545945048332214,0.42166921496391296
1604191931.5765045,-0.3868647515773773,-0.740985631942749,0.42066490650177
1604191931.7850728,-0.38842663168907166,-0.7271057367324829,0.4194539785385132
1604191931.985259,-0.3912575840950012,-0.6994889974594116,0.41544201970100403
1604191932.1866558,-0.3895101845264435,-0.6792010068893433,0.41626426577568054
1604191932.4054978,-0.3878791034221649,-0.6596948504447937,0.4146854877471924
1604191932.590789,-0.38752803206443787,-0.6417389512062073,0.4172561466693878
1604191932.7961402,-0.38907214999198914,-0.6210019588470459,0.41776010394096375
1604191933.0084472,-0.392939031124115,-0.600933849811554,0.41577231884002686
1604191933.2011595,-0.392939031124115,-0.600933849811554,0.41577231884002686
1604191933.4065666,-0.39373019337654114,-0.554776132106781,0.41573867201805115
1604191933.6119263,-0.3892024755477905,-0.530099630355835,0.4149945080280304
1604191933.8174312,-0.3875485956668854,-0.5023194551467896,0.41616958379745483
1604191934.0192683,-0.3893605172634125,-0.4756276607513428,0.41561195254325867
1604191934.2370079,-0.3931155502796173,-0.44970405101776123,0.4161607027053833
1604191934.430165,-0.3963024318218231,-0.4206036627292633,0.4136292636394501
1604191934.635553,-0.39673012495040894,-0.3879815638065338,0.4110649526119232
1604191934.8466141,-0.39290136098861694,-0.35466468334198,0.4116436243057251
1604191935.0456965,-0.3897194266319275,-0.323062002658844,0.41215386986732483
1604191935.2495005,-0.3854353725910187,-0.29309388995170593,0.4071376323699951
1604191935.5232313,-0.38411104679107666,-0.2614567279815674,0.4041076600551605
1604191935.6615498,-0.3842340409755707,-0.22812123596668243,0.40183812379837036
1604191935.863748,-0.38556376099586487,-0.1931246817111969,0.4048703908920288
1604191936.071458,-0.38716763257980347,-0.1580578237771988,0.4045988619327545
1604191936.2687895,-0.39399856328964233,-0.12291212379932404,0.40565818548202515
1604191936.4739034,-0.4009835422039032,-0.10161983221769333,0.40436503291130066
1604191936.681538,-0.4054470956325531,-0.08274368941783905,0.3992724120616913
1604191936.8795893,-0.381767213344574,-0.08112159371376038,0.3986366093158722
1604191937.1434267,-0.3565260171890259,-0.07994022965431213,0.39146074652671814
1604191937.3001835,-0.3264431059360504,-0.07026563584804535,0.3818844258785248
1604191937.5381982,-0.3264431059360504,-0.07026563584804535,0.3818844258785248
1604191937.7041183,-0.29835599660873413,-0.05659596994519234,0.3722591698169708
1604191937.914401,-0.24396111071109772,-0.002852489473298192,0.3705059587955475
1604191938.1120563,-0.21491506695747375,0.06322751194238663,0.3534878194332123
1604191938.3131087,-0.18727554380893707,0.1535864621400833,0.3496414124965668
1604191938.5253692,-0.1708199679851532,0.24001070857048035,0.3536528944969177
1604191938.7178926,-0.1708199679851532,0.24001070857048035,0.3536528944969177
1604191938.9232864,-0.22190535068511963,0.36322635412216187,0.384612500667572
1604191939.1262875,-0.22190535068511963,0.36322635412216187,0.384612500667572
1604191939.3292255,-0.2907025218009949,0.3838176429271698,0.3946039080619812
1604191939.5772007,-0.35414183139801025,0.3896217346191406,0.4001998007297516
1604191939.7462296,-0.39990997314453125,0.39013394713401794,0.3991413116455078
1604191939.9381597,-0.4148399829864502,0.39904719591140747,0.40315982699394226
1604191940.1659665,-0.41554155945777893,0.41092878580093384,0.40605872869491577
1604191940.3535898,-0.4104483127593994,0.41703030467033386,0.4082027077674866
1604191940.5498662,-0.40568721294403076,0.4208512008190155,0.40753960609436035
1604191940.7520711,-0.404619961977005,0.41956913471221924,0.4030834436416626
1604191940.9701366,-0.4057815968990326,0.4152759909629822,0.40115663409233093
1604191941.1600714,-0.40696167945861816,0.4106598496437073,0.4040629267692566
1604191941.3654268,-0.4017551839351654,0.4100348651409149,0.4029442369937897
1604191941.5735624,-0.3945702016353607,0.4102950096130371,0.4062719941139221
1604191941.7789073,-0.3958877623081207,0.41100412607192993,0.40263956785202026
1604191941.9818428,-0.4044322073459625,0.4097517728805542,0.3956831991672516
1604191942.1922758,-0.4104504883289337,0.4079616367816925,0.3908904492855072
1604191942.3924913,-0.40571165084838867,0.40250301361083984,0.38686907291412354
1604191942.605869,-0.3926197588443756,0.39962559938430786,0.3949734568595886
1604191942.8218627,-0.3896573781967163,0.3944407105445862,0.3940950036048889
1604191943.0149715,-0.3992577791213989,0.38558804988861084,0.3947239816188812
1604191943.220336,-0.39974725246429443,0.4027199447154999,0.4044402539730072
1604191943.4286377,-0.37079137563705444,0.4200105369091034,0.40993285179138184
1604191943.6227672,-0.3362579345703125,0.41819748282432556,0.4051600396633148
1604191943.833399,-0.3027724325656891,0.40725868940353394,0.40266066789627075
1604191944.0363867,-0.26951801776885986,0.3964765965938568,0.40819767117500305
1604191944.2417145,-0.22979171574115753,0.3972661793231964,0.4152733385562897
1604191944.444837,-0.185797780752182,0.39592474699020386,0.4200775623321533
1604191944.6496656,-0.14720438420772552,0.39514851570129395,0.41412851214408875
1604191944.8509734,-0.11715315282344818,0.39508840441703796,0.41485047340393066
1604191945.0556314,-0.11715315282344818,0.39508840441703796,0.41485047340393066
1604191945.259775,-0.027415158227086067,0.4117618799209595,0.406181663274765
1604191945.465096,-0.027415158227086067,0.4117618799209595,0.406181663274765
1604191945.6765814,0.054094403982162476,0.40324828028678894,0.39359334111213684
1604191945.8998525,0.08269232511520386,0.3908243179321289,0.38997682929039
1604191946.082714,0.08269232511520386,0.3908243179321289,0.38997682929039
1604191946.2884972,0.1198289692401886,0.3800273835659027,0.38905051350593567
1604191946.4951081,0.1665533185005188,0.3738311231136322,0.3997122645378113
1604191946.694711,0.20661573112010956,0.3724374771118164,0.40192896127700806
1604191946.899989,0.23088756203651428,0.3678288757801056,0.40163853764533997
1604191947.1090605,0.25415027141571045,0.3785952925682068,0.41047215461730957
1604191947.3200207,0.27544647455215454,0.3884733021259308,0.42041316628456116
1604191947.5062153,0.2930299639701843,0.3894116282463074,0.43819212913513184
1604191947.7375848,0.3048171103000641,0.3759293556213379,0.44544804096221924
1604191947.9169545,0.3135940134525299,0.34872967004776,0.45504018664360046
1604191948.1221414,0.3183358907699585,0.32158997654914856,0.46611711382865906
1604191948.3362403,0.333370178937912,0.31428584456443787,0.4778791069984436
1604191948.5273516,0.45226016640663147,0.34256812930107117,0.5352141857147217
1604191948.7294219,0.4818127453327179,0.3017366826534271,0.5451551079750061
1604191948.964531,0.5054686069488525,0.2529008090496063,0.559338390827179
1604191949.1489203,0.5386306643486023,0.21073377132415771,0.6037139296531677
1604191949.4239001,0.6002407670021057,0.1785137951374054,0.6738008260726929
1604191949.5823429,0.6617842316627502,0.1580350548028946,0.714640736579895
1604191949.7586312,0.6617842316627502,0.1580350548028946,0.714640736579895
1604191950.0144494,0.7347859144210815,0.13882993161678314,0.7211539149284363
1604191950.1948037,0.8564532995223999,0.1302725076675415,0.6439670324325562
1604191950.366552,0.8564532995223999,0.1302725076675415,0.6439670324325562
1604191950.5706117,0.9256015419960022,0.16727383434772491,0.5898373126983643
1604191950.801613,0.990058958530426,0.2103753685951233,0.5591808557510376
1604191950.9866927,1.0587005615234375,0.2493351250886917,0.5344416499137878
1604191951.2117484,1.1786868572235107,0.2796841263771057,0.4882967174053192
1604191951.3970513,1.2296992540359497,0.28418418765068054,0.4705428183078766
1604191951.6022868,1.2809782028198242,0.2934889495372772,0.45892590284347534
1604191951.8077605,1.2809782028198242,0.2934889495372772,0.45892590284347534
1604191952.0496624,1.3505403995513916,0.3370835483074188,0.4297008216381073
1604191952.2145941,1.3733829259872437,0.3661842346191406,0.4072490334510803
1604191952.4199166,1.3909975290298462,0.3860417902469635,0.39704471826553345
1604191952.6377277,1.425063967704773,0.39094099402427673,0.39820024371147156
1604191952.8276322,1.4696685075759888,0.38862231373786926,0.39386388659477234
1604191953.1235807,1.4696685075759888,0.38862231373786926,0.39386388659477234
1604191953.2353902,1.5121068954467773,0.38818100094795227,0.392777681350708
1604191953.439318,1.5407276153564453,0.39532384276390076,0.390877902507782
1604191953.6557894,1.555942177772522,0.41093623638153076,0.3916030824184418
1604191953.846667,1.5596647262573242,0.4257090091705322,0.38900044560432434
1604191954.0469613,1.5581098794937134,0.43197786808013916,0.3908853828907013
1604191954.273084,1.5558969974517822,0.423565149307251,0.3950667083263397
1604191954.451949,1.555485486984253,0.39457347989082336,0.37979304790496826
