1604191927.5310335,-0.5708655118942261,0.8774407505989075,0.48739394545555115
1604191927.6940014,-0.5709669589996338,0.8769820928573608,0.4912898540496826
1604191927.9050515,-0.5670478940010071,0.8781826496124268,0.4928549826145172
1604191928.1183393,-0.5670478940010071,0.8781826496124268,0.4928549826145172
1604191928.3081646,-0.5601767301559448,0.879778265953064,0.4927227795124054
1604191928.5101979,-0.5601767301559448,0.879778265953064,0.4927227795124054
1604191928.7286816,-0.5585843920707703,0.8784552216529846,0.4884442985057831
1604191928.9184911,-0.5585843920707703,0.8784552216529846,0.4884442985057831
1604191929.1224627,-0.5592716932296753,0.8787879943847656,0.4868974983692169
1604191929.355974,-0.5618051290512085,0.8779496550559998,0.48492544889450073
1604191929.5302477,-0.5609546899795532,0.8785075545310974,0.4831525683403015
1604191929.7352843,-0.55804044008255,0.8772810697555542,0.48334866762161255
1604191929.951135,-0.5556192398071289,0.8765611052513123,0.48520007729530334
1604191930.1450615,-0.5544891357421875,0.873619019985199,0.48033416271209717
1604191930.349128,-0.556273877620697,0.8672211170196533,0.47883903980255127
1604191930.5885072,-0.5598724484443665,0.8362467885017395,0.4781602919101715
1604191930.7613282,-0.5598724484443665,0.8362467885017395,0.4781602919101715
1604191930.9631438,-0.5566356182098389,0.806908369064331,0.47486230731010437
1604191931.1641707,-0.5543022751808167,0.7977354526519775,0.47356992959976196
1604191931.3669238,-0.5543022751808167,0.7977354526519775,0.47356992959976196
1604191931.5693038,-0.5480112433433533,0.7794642448425293,0.47197502851486206
1604191931.7738647,-0.5440699458122253,0.76649010181427,0.4693521559238434
1604191931.978383,-0.5388387441635132,0.749525785446167,0.47010108828544617
1604191932.180299,-0.5354146957397461,0.7346230745315552,0.4655056893825531
1604191932.4213223,-0.5347885489463806,0.7201755046844482,0.459896445274353
1604191932.5850008,-0.5329338908195496,0.7082353234291077,0.4603085517883301
1604191932.7883303,-0.529365062713623,0.6899736523628235,0.462304025888443
1604191932.9897761,-0.5277098417282104,0.6388377547264099,0.45230692625045776
1604191933.194952,-0.5310949683189392,0.6151443123817444,0.45053336024284363
1604191933.4225006,-0.5322712063789368,0.5929073095321655,0.4543778896331787
1604191933.617555,-0.5277451872825623,0.5627495050430298,0.449606716632843
1604191933.8228412,-0.5209444165229797,0.5329651236534119,0.4462873339653015
1604191934.0254989,-0.5102810263633728,0.5032702088356018,0.440864622592926
1604191934.2536275,-0.4974832832813263,0.4749179184436798,0.43849554657936096
1604191934.435895,-0.4903578758239746,0.4478133022785187,0.4435313045978546
1604191934.6514862,-0.4864605665206909,0.41717252135276794,0.44354748725891113
1604191934.868683,-0.48643290996551514,0.34506160020828247,0.4382750391960144
1604191935.055913,-0.48643290996551514,0.34506160020828247,0.4382750391960144
1604191935.2596726,-0.4907740652561188,0.3046884834766388,0.4325467348098755
1604191935.469732,-0.4845447242259979,0.24015259742736816,0.4260520339012146
1604191935.6717753,-0.4845447242259979,0.24015259742736816,0.4260520339012146
1604191935.8769672,-0.477611243724823,0.19759346544742584,0.42398905754089355
1604191936.0820422,-0.48012790083885193,0.17298823595046997,0.4292512834072113
1604191936.2900443,-0.4839409291744232,0.14975905418395996,0.435129314661026
1604191936.4917462,-0.48111289739608765,0.12271540611982346,0.4294581711292267
1604191936.719458,-0.48202380537986755,0.10035748779773712,0.4216531217098236
1604191936.8955367,-0.47693973779678345,0.08358021825551987,0.42092791199684143
1604191937.0995927,-0.48576605319976807,0.06820645183324814,0.42513906955718994
1604191937.3157406,-0.5058707594871521,0.05859999731183052,0.4368378221988678
1604191937.5055065,-0.5250954031944275,0.045484185218811035,0.4426964521408081
1604191937.710892,-0.5441055297851562,0.021098211407661438,0.44537222385406494
1604191937.9314826,-0.5637057423591614,-0.01947608031332493,0.4501520097255707
1604191938.122415,-0.5883790850639343,-0.08099772036075592,0.4510969817638397
1604191938.3234043,-0.6087712049484253,-0.15329711139202118,0.4537287652492523
1604191938.5594842,-0.625697910785675,-0.23046642541885376,0.4542125463485718
1604191938.7381995,-0.6263335347175598,-0.3108403980731964,0.44824931025505066
1604191938.939472,-0.596599280834198,-0.3664768636226654,0.43041881918907166
1604191939.1448958,-0.596599280834198,-0.3664768636226654,0.43041881918907166
1604191939.34506,-0.4665561318397522,-0.4034007787704468,0.4125193655490875
1604191939.6047232,-0.4665561318397522,-0.4034007787704468,0.4125193655490875
1604191939.7769625,-0.4236171543598175,-0.3985542356967926,0.40593814849853516
1604191939.9587753,-0.4050147533416748,-0.39237773418426514,0.4057835340499878
1604191940.1601353,-0.4041503369808197,-0.39463046193122864,0.40631264448165894
1604191940.3794477,-0.40598800778388977,-0.40246278047561646,0.4033041298389435
1604191940.56596,-0.401981920003891,-0.4094049036502838,0.39940863847732544
1604191940.7713223,-0.3933159410953522,-0.40888118743896484,0.39687320590019226
1604191940.9762397,-0.3894616663455963,-0.4026769995689392,0.397987425327301
1604191941.1874473,-0.39159801602363586,-0.3954463303089142,0.40369629859924316
1604191941.3823462,-0.397675096988678,-0.39021432399749756,0.39870044589042664
1604191941.587646,-0.4032156467437744,-0.39274919033050537,0.39552202820777893
1604191941.7904093,-0.39847368001937866,-0.3968638777732849,0.40319427847862244
1604191941.9919908,-0.3989655673503876,-0.39679276943206787,0.3960113823413849
1604191942.1977177,-0.4027702510356903,-0.3939913809299469,0.3963562250137329
1604191942.4297702,-0.4027702510356903,-0.3939913809299469,0.3963562250137329
1604191942.5981946,-0.40640974044799805,-0.396859735250473,0.398214727640152
1604191942.7991483,-0.40716826915740967,-0.40101712942123413,0.3995632529258728
1604191943.0021527,-0.40376830101013184,-0.40246331691741943,0.3984995484352112
1604191943.2075162,-0.40376830101013184,-0.40246331691741943,0.3984995484352112
1604191943.422237,-0.39598655700683594,-0.4015778601169586,0.39630094170570374
1604191943.6127155,-0.3768978416919708,-0.4002872705459595,0.39909565448760986
1604191943.8177137,-0.3474974036216736,-0.3984540104866028,0.39835095405578613
1604191944.0306458,-0.3146554231643677,-0.39990726113319397,0.39675164222717285
1604191944.2236712,-0.271129846572876,-0.3992973566055298,0.4010457992553711
1604191944.429043,-0.22864964604377747,-0.4003891348838806,0.401856005191803
1604191944.6333106,-0.1843390017747879,-0.3980674743652344,0.3971613645553589
1604191944.8352942,-0.1448134034872055,-0.39713677763938904,0.3975124955177307
1604191945.0404055,-0.1130090281367302,-0.4035113453865051,0.39823490381240845
1604191945.2488298,-0.07973391562700272,-0.40309494733810425,0.3969283699989319
1604191945.4464397,-0.03859823942184448,-0.4019487798213959,0.39405420422554016
1604191945.6506238,0.006547077558934689,-0.40231409668922424,0.39517802000045776
1604191945.8898723,0.04948681592941284,-0.40969979763031006,0.40346860885620117
1604191946.059739,0.04948681592941284,-0.40969979763031006,0.40346860885620117
1604191946.2627013,0.12119343131780624,-0.41100233793258667,0.39999353885650635
1604191946.4735498,0.15283863246440887,-0.4107600152492523,0.3957519233226776
1604191946.67939,0.1878095269203186,-0.40411344170570374,0.3934638500213623
1604191946.8828824,0.21690504252910614,-0.4052918553352356,0.405185341835022
1604191947.0873814,0.24789898097515106,-0.40716010332107544,0.41699111461639404
1604191947.2927089,0.2758587896823883,-0.40865758061408997,0.4206961393356323
1604191947.4959238,0.2758587896823883,-0.40865758061408997,0.4206961393356323
1604191947.705304,0.3183805048465729,-0.42284125089645386,0.4380738139152527
1604191947.9054625,0.3183805048465729,-0.42284125089645386,0.4380738139152527
1604191948.1057472,0.33343327045440674,-0.45645180344581604,0.4646102786064148
1604191948.3200495,0.3441084921360016,-0.4652986526489258,0.4710461497306824
1604191948.6346488,0.3441084921360016,-0.4652986526489258,0.4710461497306824
1604191948.7349913,0.3441084921360016,-0.4652986526489258,0.4710461497306824
1604191948.9277332,0.40154212713241577,-0.47941359877586365,0.5152244567871094
1604191949.1332936,0.40154212713241577,-0.47941359877586365,0.5152244567871094
1604191949.3531337,0.43952545523643494,-0.5038016438484192,0.5333077907562256
1604191949.587917,0.4687348008155823,-0.535502016544342,0.5404354929924011
1604191949.7590935,0.4939228296279907,-0.5689079165458679,0.5378217697143555
1604191949.9608169,0.5167567729949951,-0.5863953828811646,0.5540494322776794
1604191950.1781135,0.5596938729286194,-0.6026698350906372,0.620741605758667
1604191950.366995,0.6287257075309753,-0.6362500786781311,0.6925511360168457
1604191950.6067417,0.7023685574531555,-0.6794126033782959,0.7267902493476868
1604191950.807464,0.7780312299728394,-0.7019277811050415,0.7072598338127136
1604191950.980806,0.8724990487098694,-0.6921277046203613,0.6536134481430054
1604191951.1861486,0.9585568904876709,-0.649619996547699,0.5987613797187805
1604191951.3913567,1.0445305109024048,-0.5991140604019165,0.5570187568664551
1604191951.6293123,1.1153923273086548,-0.5768213868141174,0.5331977009773254
1604191951.7985635,1.1781185865402222,-0.5650683641433716,0.50634765625
1604191952.012859,1.227286696434021,-0.5591843128204346,0.48933449387550354
1604191952.2044547,1.2971818447113037,-0.5227172374725342,0.46876659989356995
1604191952.4082978,1.3277870416641235,-0.4849144518375397,0.45180070400238037
1604191952.6163335,1.3572421073913574,-0.43228086829185486,0.428567498922348
1604191952.8122256,1.3706752061843872,-0.3896394968032837,0.4090074598789215
1604191953.0134566,1.391095757484436,-0.36843040585517883,0.39794638752937317
1604191953.224356,1.4212578535079956,-0.36829841136932373,0.39484164118766785
1604191953.4230888,1.4547170400619507,-0.3754226565361023,0.39504924416542053
1604191953.6263106,1.4938081502914429,-0.39081886410713196,0.39805886149406433
1604191953.830538,1.5498515367507935,-0.38521432876586914,0.39868223667144775
1604191954.0356758,1.5496796369552612,-0.37698492407798767,0.388622909784317
1604191954.240033,1.5331205129623413,-0.3708215355873108,0.3899221122264862
1604191954.4517004,1.5265530347824097,-0.38158831000328064,0.39118775725364685
