1604191927.145203,1.138035535812378,0.5972350835800171,0.5518155694007874
1604191927.34745,1.1354947090148926,0.5993828773498535,0.5533131957054138
1604191927.552843,1.1384299993515015,0.6023762226104736,0.5376852750778198
1604191927.7738106,1.1402357816696167,0.6030983328819275,0.5159050226211548
1604191927.9787123,1.1469115018844604,0.5973255634307861,0.502845823764801
1604191928.2011325,1.1455732583999634,0.5913036465644836,0.49173736572265625
1604191928.4050846,1.1345329284667969,0.5886566638946533,0.4932631254196167
1604191928.6053054,1.1317929029464722,0.5895345211029053,0.4908161461353302
1604191928.8053641,1.1353384256362915,0.590997040271759,0.48124757409095764
1604191929.0102894,1.1377220153808594,0.5932634472846985,0.4797406494617462
1604191929.2139008,1.1357905864715576,0.5931804180145264,0.4780178368091583
1604191929.4208806,1.1270512342453003,0.5913177132606506,0.4762895405292511
1604191929.6211152,1.114657998085022,0.589954674243927,0.475557804107666
1604191929.8264532,1.106925129890442,0.5862309336662292,0.4740230143070221
1604191930.0317469,1.1047894954681396,0.5852106213569641,0.4718012511730194
1604191930.2371337,1.1027246713638306,0.583864688873291,0.4700182378292084
1604191930.4440749,1.1025453805923462,0.5847331881523132,0.4641134738922119
1604191930.6482613,1.0991369485855103,0.5847430229187012,0.4644729793071747
1604191930.8487737,1.093449354171753,0.5832411050796509,0.4618869721889496
1604191931.0541613,1.0833699703216553,0.5767022967338562,0.4596864879131317
1604191931.2595448,1.0786192417144775,0.5745713710784912,0.4624056816101074
1604191931.4617982,1.0720115900039673,0.5728316903114319,0.4595729112625122
1604191931.6645176,1.0654823780059814,0.571526050567627,0.45715996623039246
1604191931.8708806,1.0590362548828125,0.5695644021034241,0.45372286438941956
1604191932.0747058,1.04770827293396,0.563962459564209,0.44833824038505554
1604191932.2807791,1.0368143320083618,0.5550850033760071,0.44321081042289734
1604191932.486165,1.0307739973068237,0.5472530722618103,0.4388096332550049
1604191932.7078652,1.0214552879333496,0.5433756113052368,0.4394882023334503
1604191932.8940039,1.0016685724258423,0.5408404469490051,0.4287736117839813
1604191933.0995953,0.9896717071533203,0.5373426675796509,0.42461511492729187
1604191933.3046157,0.9777449369430542,0.5309253931045532,0.4246959984302521
1604191933.5085568,0.9657176733016968,0.5253031253814697,0.42420682311058044
1604191933.7131696,0.9515745639801025,0.521893322467804,0.4215380549430847
1604191933.9162989,0.9388703107833862,0.5181241035461426,0.41712215542793274
1604191934.1177263,0.9263514876365662,0.5130178332328796,0.4162672162055969
1604191934.3195956,0.9118053317070007,0.5081567168235779,0.41327473521232605
1604191934.523506,0.901114284992218,0.4995214641094208,0.40888676047325134
1604191934.7249994,0.8837775588035583,0.4928956925868988,0.4085848331451416
1604191934.9284573,0.868610143661499,0.4873896539211273,0.40144702792167664
1604191935.1311545,0.8529968857765198,0.4841485023498535,0.3965327739715576
1604191935.3359115,0.8348744511604309,0.478819876909256,0.3877438008785248
1604191935.5412147,0.8161025047302246,0.47509557008743286,0.3824347257614136
1604191935.7465925,0.7991699576377869,0.47178715467453003,0.3881111741065979
1604191935.9468615,0.7825278043746948,0.46431148052215576,0.38918769359588623
1604191936.148128,0.7665034532546997,0.45921996235847473,0.3849226236343384
1604191936.356304,0.7482269406318665,0.45396459102630615,0.3783494830131531
1604191936.56213,0.7290355563163757,0.4503999650478363,0.37087300419807434
1604191936.7675042,0.7141483426094055,0.44303372502326965,0.36764854192733765
1604191936.9728587,0.6969338655471802,0.43121016025543213,0.36536285281181335
1604191937.1754513,0.6774854063987732,0.41582953929901123,0.365977942943573
1604191937.3786538,0.6569064855575562,0.40540438890457153,0.36123013496398926
1604191937.5802398,0.6374529600143433,0.4028750956058502,0.35182616114616394
1604191937.7811534,0.6223482489585876,0.40712741017341614,0.34636959433555603
1604191937.9865196,0.6148272156715393,0.4139067530632019,0.3431592881679535
1604191938.1918938,0.6149952411651611,0.4028610587120056,0.3378446400165558
1604191938.4022021,0.6143115758895874,0.3889261484146118,0.3406400978565216
1604191938.6029522,0.6139329671859741,0.3874165117740631,0.3455619812011719
1604191938.8083029,0.6016486287117004,0.40066108107566833,0.3440847098827362
1604191939.0139787,0.6000104546546936,0.4095637798309326,0.344325453042984
1604191939.2147243,0.5985884070396423,0.4094552993774414,0.3455198109149933
1604191939.420064,0.5948458909988403,0.4051123559474945,0.34927791357040405
1604191939.620738,0.5915257334709167,0.4013300836086273,0.3511434495449066
1604191939.8245032,0.5924758911132812,0.4022037088871002,0.34606361389160156
1604191940.0283382,0.5978206396102905,0.4024876058101654,0.3437853455543518
1604191940.2391925,0.6025853157043457,0.39915844798088074,0.3447844684123993
1604191940.4408712,0.6063522100448608,0.3878684639930725,0.34805023670196533
1604191940.6434987,0.601090133190155,0.3800612986087799,0.35169491171836853
1604191940.8443358,0.5875954031944275,0.37820306420326233,0.35470542311668396
1604191941.0471394,0.580060601234436,0.38523948192596436,0.3474234640598297
1604191941.2477305,0.5827386379241943,0.39381739497184753,0.3503541946411133
1604191941.4522738,0.5910205245018005,0.3979010581970215,0.35368046164512634
1604191941.656606,0.5985898375511169,0.39601802825927734,0.3497037887573242
1604191941.861588,0.6017611622810364,0.39039522409439087,0.344349205493927
1604191942.0629022,0.6000288724899292,0.3914894461631775,0.34485962986946106
1604191942.287518,0.595822274684906,0.40076395869255066,0.3453722298145294
1604191942.4896805,0.5882640480995178,0.410800576210022,0.3446098566055298
1604191942.6910121,0.5974037051200867,0.4082978069782257,0.33899185061454773
1604191942.896784,0.5974037051200867,0.4082978069782257,0.33899185061454773
1604191943.101594,0.602668821811676,0.39897438883781433,0.34325218200683594
1604191943.3124654,0.5945751667022705,0.388529509305954,0.3558557629585266
1604191943.5147262,0.5891469717025757,0.39002230763435364,0.35931387543678284
1604191943.719972,0.5910120010375977,0.3988475501537323,0.36148080229759216
1604191943.9248064,0.5974143743515015,0.40502816438674927,0.3569972515106201
1604191944.1274548,0.5997728109359741,0.4058392345905304,0.3542429208755493
1604191944.3328426,0.6003122925758362,0.40113601088523865,0.3520282208919525
1604191944.5374281,0.5937733054161072,0.3947140574455261,0.3518657982349396
1604191944.7417476,0.5867922306060791,0.39155152440071106,0.3479980528354645
1604191944.9455233,0.5846890211105347,0.39037051796913147,0.3495349884033203
1604191945.1500194,0.5870208144187927,0.39379894733428955,0.3510681688785553
1604191945.3554044,0.5927278399467468,0.3964987099170685,0.3530164659023285
1604191945.5563736,0.5978226661682129,0.39911502599716187,0.35447290539741516
1604191945.7596557,0.595358669757843,0.40253758430480957,0.35286015272140503
1604191945.9636467,0.5886858105659485,0.40531882643699646,0.3540022373199463
1604191946.1650438,0.5819692611694336,0.4040380120277405,0.35319894552230835
1604191946.3704295,0.5792515277862549,0.40476059913635254,0.35074302554130554
1604191946.5748844,0.5812838673591614,0.40716516971588135,0.3513872027397156
1604191946.7798913,0.5894618630409241,0.4008948802947998,0.3519507944583893
1604191946.985131,0.5965991020202637,0.39402174949645996,0.3457920253276825
1604191947.1864655,0.6002095341682434,0.39024344086647034,0.34326276183128357
1604191947.388891,0.5970506072044373,0.3911070227622986,0.3477442264556885
1604191947.5933826,0.5961516499519348,0.3970716595649719,0.35357537865638733
1604191947.7980633,0.5968193411827087,0.4030376374721527,0.3527545630931854
1604191948.0028844,0.5975608825683594,0.4036479592323303,0.34953635931015015
1604191948.203987,0.5948224067687988,0.4013306796550751,0.34809720516204834
1604191948.405226,0.5933616161346436,0.40023311972618103,0.3506046235561371
1604191948.6060011,0.5929297804832458,0.40002769231796265,0.35232779383659363
1604191948.8171432,0.5958739519119263,0.4027484059333801,0.34763064980506897
1604191949.0184388,0.596243679523468,0.4018147587776184,0.34193867444992065
1604191949.2229028,0.6022094488143921,0.39742717146873474,0.34253814816474915
1604191949.423734,0.6137910485267639,0.39719170331954956,0.34780749678611755
1604191949.626088,0.6200229525566101,0.3955060839653015,0.3551180064678192
1604191949.8297288,0.6132163405418396,0.3919857144355774,0.356620728969574
1604191950.0313098,0.598035454750061,0.39122337102890015,0.35515159368515015
1604191950.2432551,0.5869789123535156,0.39531341195106506,0.35485899448394775
1604191950.446295,0.5883458256721497,0.4040111005306244,0.35340219736099243
1604191950.6516666,0.5961246490478516,0.40848034620285034,0.3531193137168884
1604191950.8559942,0.5992588996887207,0.40719690918922424,0.3524313271045685
1604191951.0571754,0.6003726720809937,0.40164151787757874,0.34771472215652466
1604191951.2591496,0.5944408178329468,0.39755305647850037,0.34646832942962646
1604191951.462685,0.5900143980979919,0.39957165718078613,0.34960588812828064
1604191951.6678665,0.5872108936309814,0.4048605263233185,0.3518763482570648
1604191951.8721483,0.5908783674240112,0.40845638513565063,0.3509005904197693
1604191952.076351,0.591594934463501,0.4101242125034332,0.3530596196651459
1604191952.2797205,0.5934126973152161,0.40887269377708435,0.3528165817260742
1604191952.4847705,0.5922678112983704,0.4060591757297516,0.3475494086742401
1604191952.688085,0.5956423282623291,0.40603742003440857,0.3480404019355774
1604191952.8906047,0.5966156721115112,0.40283697843551636,0.34576934576034546
1604191953.0918171,0.5929073691368103,0.4001186192035675,0.338500440120697
1604191953.2971642,0.5926634073257446,0.39986297488212585,0.3468341827392578
1604191953.4996414,0.5845787525177002,0.4073224663734436,0.35334447026252747
1604191953.7055087,0.5843595862388611,0.41515597701072693,0.35163500905036926
1604191953.907296,0.5859201550483704,0.4151661992073059,0.3510587513446808
1604191954.1123693,0.5923449397087097,0.40865635871887207,0.3489207625389099
