1605908276.1863785,0.0,0.0,0.0,1.3024480487662486,1.1896350003950635,1.2830543548786344,
1605908276.3872676,0.0,0.0,0.0,1.3030529506865076,1.1896350003950635,1.2814153609647583,
1605908276.589713,0.0,0.0,0.0,1.3127090885707067,1.1699038485605588,1.277106274265862,
1605908276.790363,0.0,0.0,0.0,1.3173751378300957,1.1669210688427438,1.2726006918719701,
1605908277.0077672,0.0,0.0,0.0,1.3127251915336948,1.1720403394036625,1.285309465706599,
1605908277.2112734,0.0,0.0,0.0,1.289738991560129,1.1811556210113447,1.2965583400042162,
1605908277.4142668,0.0,0.0,0.0,1.2939874089935435,1.1856515933606466,1.3091559174217342,
1605908277.6193147,0.0,0.0,0.0,1.2939874089935435,1.1927510818281286,1.3027907271788912,
1605908277.8236303,0.0,0.0,0.0,1.3160716785311977,1.2214653241204045,1.2912388039245577,
1605908278.0290182,0.0,0.0,0.0,1.3290864608800692,1.217676950703476,1.278539670907002,
1605908278.2328022,0.0,0.0,0.0,1.297426818022425,1.1897681549643995,1.2574170328082614,
1605908278.4341235,0.0,0.0,0.0,1.2570545493346288,1.1548760049645461,1.2459740604043092,
1605908278.6393058,0.0,0.0,0.0,1.2321634699148587,1.135572714818964,1.2450884151412331,
1605908278.8795602,0.0,0.0,0.0,1.225697097980839,1.112556492141967,1.2463808382865205,
1605908279.045265,0.0,0.0,0.0,1.2156099953246182,1.0580220190943237,1.2277918939596797,
1605908279.2503283,0.0,0.0,0.0,1.1985514861886646,1.0496492520093181,1.21361568800447,
1605908279.4621465,0.0,0.0,0.0,1.1770506748037768,1.0489612022182055,1.1928120921123728,
1605908279.6631885,0.0,0.0,0.0,1.172663314497538,1.0285363651634638,1.1658971790422186,
1605908279.8634667,0.0,0.0,0.0,1.1567264009173266,1.0113171372927015,1.1446306425633492,
1605908280.0745301,0.0,0.0,0.0,1.1465211250100493,0.9831047141671403,1.1190079105130146,
1605908280.2784314,0.0,0.0,0.0,1.1092968551198643,0.9529920261773034,1.1065912179988617,
1605908280.483732,0.0,0.0,0.0,1.0847915029589448,0.9108341987377954,1.070879247474418,
1605908280.6868541,0.0,0.0,0.0,1.0707430737246206,0.8679107839753186,1.0216180860411692,
1605908280.8921108,0.0,0.0,0.0,1.0582628862250476,0.8705622496063216,0.9811761908668208,
1605908281.1974194,0.0,0.0,0.0,1.0582628862250476,0.8379703094083811,0.9552163260401121,
1605908281.3070984,0.0,0.0,0.0,1.042154857382941,0.8088533290513779,0.9283172265522156,
1605908281.5128922,0.0,0.0,0.0,1.0281764349961167,0.7716615426375504,0.9037325841717722,
1605908281.7181551,0.0,0.0,0.0,0.9740781612174747,0.7358048040067926,0.9316688304979597,
1605908281.923651,0.0,0.0,0.0,0.9146811397975448,0.6848316313139836,0.8662528318355248,
1605908282.125513,-0.0011697926387237861,0.0020542470458987656,0.0001450702544982858,0.8464507877429768,0.623926131898528,0.7944495425555669,
1605908282.3287947,-0.014569228407506017,0.027674699149066513,0.001603074364172843,0.819181867323922,0.5538253967343183,0.7176359176174661,
1605908282.5340056,-0.031541597325030146,0.06756896246288081,0.0038939600908479395,0.7969545115299217,0.4993792191223366,0.6679306048615303,
1605908282.7394412,-0.0581936397138551,0.20529374717507531,0.021944824919478318,0.7614881097770276,0.38381040061359145,0.6252365311268429,
1605908282.948302,-0.07345066434548081,0.2135739702013461,0.02006363061646779,0.7182826403770757,0.3778151057405881,0.6004853570176281,
1605908283.1536741,-0.052005340031651165,0.27453151452615,0.04249479109096505,0.7182826403770757,0.3372527199348207,0.6004853570176281,
1605908283.3543634,-0.09010509047813084,0.324983265593223,0.05505956444261532,0.6036203672753298,0.3134489228426536,0.5213165331358945,
1605908283.5583394,-0.09405101817622248,0.2824327887061672,0.029480823505012885,0.5916005472825363,0.3576594299751245,0.48801318528103443,
1605908283.786687,-0.08209022632535454,0.27963272107607506,0.025142031870601805,0.5601692579699551,0.36811281071876584,0.48801318528103443,
1605908283.9741676,-0.04760113453091114,0.13955376624853896,0.010202751284927317,0.5496679675751874,0.4957284801396829,0.5097397583081698,
1605908284.1761532,-0.019972618884691866,0.13904604671871235,0.01686093970765671,0.5109032356501073,0.5234216570548914,0.5207801443417605,
1605908284.3815,0.006963390222342117,0.17040713567759408,0.02530950289505715,0.462607129018884,0.5413028137637682,0.5210949947862723,
1605908284.5868206,0.038540891088369916,0.2626455435465712,0.037994889896697616,0.41734383618148174,0.4934048461771055,0.512991256916765,
1605908284.791694,0.06463733747518349,0.30897197179704794,0.0341019323616386,0.40307448455784645,0.464861248610303,0.5019827392481897,
1605908284.996271,0.07580437802400367,0.42585591723198324,0.05265906971059062,0.39409577344853713,0.38196558649377566,0.4656814151122628,
1605908285.201577,0.04195863639967562,0.5211005718443802,0.09015733783403074,0.4175518587160062,0.29791643894212283,0.39889998643642166,
1605908285.412622,0.006165807368466281,0.6112151367522755,0.1518677228911355,0.45919289647800426,0.24810884110077952,0.30352614122096555,
1605908285.616228,0.2787302148976417,0.6026543448842993,0.18283643571482677,0.5549411721406,0.2550357668531914,0.26202988195565236,
1605908285.819929,0.31807961929080014,0.3641726881788112,0.10274361008986829,0.6099994630280672,0.3474332611486671,0.3202820343462504,
1605908286.0214672,0.1067039596366052,0.17408655504514944,0.004725847731404546,0.6531847530130086,0.5200900144845555,0.4129134730273099,
1605908286.2231622,0.002391979206237365,0.000737387335917382,0.00010364102975522405,0.6254716324816069,0.7283793907550237,0.6307759399586461,
1605908286.4334939,0.02631968890831994,-0.004667070545509175,0.004128620606486592,0.560400566721992,0.9142910038493978,0.9045210562050958,
1605908286.6664295,0.09288852774481922,-0.017553073522674763,0.02192599663060845,0.4754486723710479,1.0611408767228712,1.138648611579008,
1605908286.8441484,0.11638832789846573,-0.04623959593363138,0.0251903679350195,0.4483681869775871,1.154439965923407,1.2837518805193502,
1605908287.0493984,0.045921846309182904,-0.04475453748594433,0.002239533073931078,0.5108691596470727,1.1426093015809404,1.266760648806888,
1605908287.3137517,0.0,0.0,0.0,0.6759751619735876,1.1417362313833828,1.1422568761410412,
1605908287.4578197,0.0,0.0,0.0,0.864144912432595,1.1933170606826913,1.0024333824980647,
1605908287.660247,0.0,0.0,0.0,0.9648493370584512,1.2600903731208697,0.9142826050591256,
1605908287.8715553,0.0,0.0,0.0,1.0377110819490325,1.286783675986686,0.882018112876131,
1605908288.0741417,0.0,0.0,0.0,0.9966316929942821,1.3230871401355058,0.8948455464506053,
1605908288.2794986,0.0,0.0,0.0,0.9748523079755673,1.3148015777247506,0.8908586216444535,
1605908288.484235,0.0,0.0,0.0,0.9650790013425655,1.268068442285165,0.8725406753245369,
1605908288.6895528,0.0,0.0,0.0,0.9680013344165608,1.229390079401108,0.8507164369459256,
1605908288.8960378,0.0,0.0,0.0,0.9653306590364058,1.230029216907861,0.8370841726361905,
1605908289.147757,0.0,0.0,0.0,0.9078462006244723,1.230029216907861,0.8237835555993821,
1605908289.3005018,0.0,0.0,0.0,0.9177320053798609,1.248499451254394,0.8176811850362742,
1605908289.5058584,0.0,0.0,0.0,0.899471402864512,1.2431291101797575,0.8075240900304722,
1605908289.7167168,0.0,0.0,0.0,0.8794829758477384,1.2061194883051276,0.7874005846252711,
1605908289.9173913,0.0,0.0,0.0,0.8657712719309364,1.171649724459266,0.7929816498524687,
1605908290.1220179,0.0,0.0,0.0,0.8510831978221689,1.1552992168455292,0.7919889001705176,
1605908290.3392787,0.0,0.0,0.0,0.8645443665493917,1.1615113878232988,0.7937076987998449,
1605908290.5446525,0.0,0.0,0.0,0.8779587926006731,1.1913333482984316,0.7924323384767612,
1605908290.7491357,0.0,0.0,0.0,0.8749990132443684,1.195543848743584,0.7864968173002416,
1605908290.9598787,0.0,0.0,0.0,0.87498262195611,1.1857932839539824,0.7792427626235061,
1605908291.175089,0.0,0.0,0.0,0.8791967567433248,1.1891005813731914,0.7793589301213499,
1605908291.3767855,0.0,0.0,0.0,0.8907612733919905,1.2044283308339472,0.78687406445942,
1605908291.5783405,0.0,0.0,0.0,0.9006254077726987,1.2174727853843557,0.7975722509724933,
1605908291.7846448,0.0,0.0,0.0,0.8966790803448288,1.2214266867734465,0.8049123940829174,
1605908291.9910095,0.0,0.0,0.0,0.9057527457394187,1.2232779675010572,0.8019661194694666,
1605908292.196273,0.0,0.0,0.0,0.9195714322461012,1.2113280296595463,0.7813088779704424,
1605908292.3982277,0.0,0.0,0.0,0.9195403683532818,1.1913045128631201,0.7546656320839352,
1605908292.599465,0.0,0.0,0.0,0.9176854317203978,1.1913045128631201,0.7546656320839352,
1605908292.810745,0.0,0.0,0.0,0.9027996352616151,1.1756886694496806,0.7414068007898471,
1605908293.0212767,0.0,0.0,0.0,0.8834765040948126,1.1681119411525815,0.7347254176191349,
1605908293.2232602,0.0,0.0,0.0,0.8725412137200563,1.1796335825143376,0.7321723327799028,
1605908293.428474,0.0,0.0,0.0,0.8613811951409631,1.1569686156940453,0.6841626879612578,
1605908293.631177,0.0,0.0,0.0,0.8625277058359346,1.1613835541954378,0.6737716217120532,
1605908293.8338096,0.0,0.0,0.0,0.862217241375608,1.1319034972585422,0.6636481632399182,
1605908294.036822,0.0,0.0,0.0,0.8701301971521164,1.1174013041349589,0.6692257741798637,
1605908294.2393537,0.0,0.0,0.0,0.8741540555119711,1.1073948278399792,0.7160247843779929,
1605908294.4439313,0.0,0.0,0.0,0.8923649647476228,1.1332038016512653,0.8090636664858099,
1605908294.6444902,0.0,0.0,0.0,0.8939737907998498,1.0934675190797705,0.7281271930248627,
1605908294.8498902,0.0,0.0,0.0,0.9035220925189542,1.1095304070032506,0.6962824627486108,
1605908295.0546312,0.0,0.0,0.0,0.9117619590971602,1.1690200117461582,0.7451406130486911,
1605908295.2573118,0.0,0.0,0.0,0.9042785557796166,1.172210440826252,0.748960432844432,
1605908295.4604907,0.0,0.0,0.0,0.8959488287121989,1.194314108996783,0.7409773878612778,
1605908295.6613562,0.0,0.0,0.0,0.8896306257842765,1.179180160714066,0.6904121121239521,
1605908295.8653698,0.0,0.0,0.0,0.8931077646921204,1.1358419904482002,0.6936700995678863,
1605908296.066194,0.0,0.0,0.0,0.9147054849194968,1.1171644671942775,0.7045739552493718,
1605908296.271585,0.0,0.0,0.0,0.9196516668159147,1.10167619888387,0.7044490068953068,
1605908296.47589,0.0,0.0,0.0,0.9517105033439175,1.1643638217260546,0.7315774516585648,
1605908296.7167296,0.0,0.0,0.0,0.9274154510789745,1.1606389367297147,0.7288214827315794,
1605908296.9183795,0.0,0.0,0.0,0.9280675677613187,1.1588386708477953,0.746676209391089,
1605908297.1237636,0.0,0.0,0.0,0.9201065391921229,1.153006864463128,0.7578868269029935,
1605908297.3330743,0.0,0.0,0.0,0.9309692900597668,1.1482238177913844,0.7376164536685803,
1605908297.530499,0.0,0.0,0.0,0.9402880065909749,1.1350578593387353,0.6788262534659426,
1605908297.732076,0.0019361673830506046,0.00014425396235424317,-6.526013573165379e-05,0.8874255924736573,1.1231414581060473,0.6264085577027815,
1605908297.936476,0.0,0.0,0.0,0.8926458122692215,1.1197496675949363,0.6524436797135085,
1605908298.1380737,0.01522441160161862,0.0008141078278735836,-0.00031323170699915087,0.8926458122692215,1.1197496675949363,0.5833541086089445,
1605908298.3393903,0.0032251585815995403,-4.099381468648108e-05,-1.3374732401211497e-05,0.9190073698171118,1.1864650623448838,0.6195698194773575,
1605908298.5447702,0.049514000054450856,0.0005363714871266048,0.0011997641328855481,0.9075586458743363,1.2049964013013008,0.5283379642635971,
1605908298.7786224,0.049514000054450856,0.0005363714871266048,0.0011997641328855481,0.9075586458743363,1.163699924886059,0.5283379642635971,
1605908298.9555142,0.05703156175930096,0.001873244634989062,0.001970133262461143,0.8844642777013708,1.0577700425106076,0.5190440799851617,
1605908299.1582131,0.0480119070575882,0.0030816094180869014,0.0012433957073577598,0.8655521689866136,1.0264378386361876,0.5301285781859473,
1605908299.3693414,0.039327566963326864,0.0025008975390755617,0.0013100446793388176,0.8708633696660343,1.02268691643074,0.5418068899027081,
1605908299.580579,0.029440066877204976,0.002008433631666967,0.0007419121080776476,0.8632464705467097,1.0475916102891099,0.5567270764939447,
1605908299.7847958,0.0,0.0,0.0,0.8565760740915915,1.0743347675251875,0.6511741369886652,
1605908299.9871705,0.0,0.0,0.0,0.8856306575034554,1.1321726982266285,0.6777604547010783,
1605908300.188194,0.0,0.0,0.0,0.9141376240769606,1.1994091704081682,0.7212075096619307,
1605908300.3932602,0.0,0.0,0.0,0.9549727326126739,1.261199211151893,0.7627911316167058,
1605908300.5969846,0.0,0.0,0.0,0.9517122407548239,1.2730466237583287,0.8127932931634221,
1605908300.7994037,0.0,0.0,0.0,0.9365718872592647,1.24237075958468,0.7768293569923596,
1605908301.0102217,0.0,0.0,0.0,0.9095586819580922,1.1992294202580205,0.7725250379917025,
1605908301.2120204,0.0,0.0,0.0,0.8922738494095088,1.1791340892729782,0.7717434299520207,
1605908301.4172132,0.0,0.0,0.0,0.8641010569905803,1.1613012311924844,0.7696285907826356,
1605908301.619918,0.0,0.0,0.0,0.8150396024084295,1.1335708958725665,0.7688156962932584,
1605908301.823162,0.0,0.0,0.0,0.6940234160488913,1.0941970415266724,0.7676418951896212,
1605908302.0285482,0.0,0.0,0.0,0.7232792010059378,1.0571091462247377,0.7359762824256595,
1605908302.233956,0.0,0.0,0.0,0.8123514062233566,1.0292519653417507,0.6559260654721298,
1605908302.4516134,0.01647993963500909,0.0009733778538907503,-0.0004902838721803214,0.9225735499211143,1.0235849561741315,0.5805950217980377,
1605908302.6743565,0.003978014231879696,-0.000501395879854738,0.00011293903799688134,1.0414243774533236,1.1071358839138221,0.6160381347026043,
1605908302.8776603,0.0,0.0,0.0,1.0202369955606698,1.1389131994721857,0.7102415298348753,
1605908303.0794985,0.0,0.0,0.0,0.9909470989680027,1.1475496802670362,0.72234194215444,
1605908303.2835603,0.0,0.0,0.0,0.9402041291649278,1.1522532133403085,0.740844085324254,
1605908303.4843965,0.0,0.0,0.0,0.9709672381829669,1.1794821104832862,0.7616221647437864,
1605908303.687577,0.0,0.0,0.0,1.000924114789662,1.2186283567711063,0.7034552183449122,
1605908303.8929884,0.0,0.0,0.0,0.9159915526894631,1.22131915814307,0.7612326975349241,
1605908304.0957515,0.0,0.0,0.0,0.8994093597732715,1.2107828518998023,0.7234436782123459,
1605908304.296309,0.0,0.0,0.0,0.8832649018474821,1.2121676721793604,0.7201459591440152,
1605908304.500178,0.0,0.0,0.0,0.864920242716892,1.178562647610922,0.7156582531305125,
1605908304.7044141,0.0,0.0,0.0,0.8513267446570953,1.200512750560322,0.7412783544591133,
1605908304.9084275,0.0,0.0,0.0,0.8654104222459751,1.1430264865743742,0.7262637895815268,
1605908305.1111982,0.0,0.0,0.0,0.897415353127503,1.185090963222216,0.7760680235392498,
1605908305.3330166,0.0,0.0,0.0,0.9031713330868911,1.1602671950646453,0.808903993014032,
1605908305.535732,0.0,0.0,0.0,0.8794871376888415,1.1333600858919215,0.7966200861576674,
1605908305.7467172,0.0,0.0,0.0,0.8684311147064183,1.1855740417859784,0.8068428869832311,
1605908305.952109,0.0,0.0,0.0,0.8559546093650434,1.1897325257869533,0.8343504336940162,
1605908306.1523333,0.0,0.0,0.0,0.9197990610244868,1.2067363423825084,0.807858162821094,
1605908306.3625548,0.0,0.0,0.0,0.928525401662587,1.166748257922331,0.8014830082799644,
1605908306.5737922,0.0,0.0,0.0,0.932607700766159,1.1708535255290116,0.7982636738886513,
1605908306.778238,0.0,0.0,0.0,0.9286367270796815,1.1873150855117949,0.7901260735816286,
1605908306.981634,0.0,0.0,0.0,0.9366638763272971,1.2154270273176757,0.7861692017435745,
1605908307.1834667,0.0,0.0,0.0,0.9065779929914225,1.222960071244879,0.8010643876381652,
