1605908275.5295131,0.0,0.0,0.0,2.8235363260468707,1.631120417198718,2.033583721507896,
1605908275.7441497,0.0,0.0,0.0,2.8340679014001373,1.6326357342229414,2.037645094878622,
1605908275.9380639,0.0,0.0,0.0,2.8359411901940015,1.6308624954366198,2.037756401774902,
1605908276.1425664,0.0,0.0,0.0,2.8330598947899164,1.6254046927255879,2.0372314347563143,
1605908276.3453104,0.0,0.0,0.0,2.834132368156514,1.6258260660745367,2.0394429677050203,
1605908276.5481243,0.0,0.0,0.0,2.8345275110904145,1.631170860127157,2.0325657555445193,
1605908276.749541,0.0,0.0,0.0,2.836041034372728,1.6299580830036648,2.0289884444514574,
1605908276.9521818,0.0,0.0,0.0,2.8360027545845665,1.6340418485770052,2.0273474729804644,
1605908277.153783,0.0,0.0,0.0,2.819634223230684,1.6230462860624362,2.026742624115141,
1605908277.374793,0.0,0.0,0.0,2.827557895892967,1.6150202691192406,2.0321867598093397,
1605908277.5810862,0.0,0.0,0.0,2.829541973059686,1.6169823675640835,2.049398130627466,
1605908277.7847233,0.0,0.0,0.0,2.8312607135145074,1.622404837703263,2.050755099117332,
1605908277.9880419,0.0,0.0,0.0,2.837139425429632,1.6244937322060047,2.044440572313716,
1605908278.2098186,0.0,0.0,0.0,2.805937589049878,1.6177263080540696,2.02129348638466,
1605908278.4000728,0.0,0.0,0.0,2.7749980735269975,1.6136722963570291,2.002355979229041,
1605908278.6024218,0.0,0.0,0.0,2.7498095827003253,1.600746007884736,1.9876359757966473,
1605908278.8057885,0.0,0.0,0.0,2.74320742609425,1.5878950586273433,1.9758959420463795,
1605908279.0080202,0.0,0.0,0.0,2.7179764615625714,1.5832871015805101,1.9576047864733952,
1605908279.2119255,0.0,0.0,0.0,2.6977925571323373,1.5780566353306604,1.9452123902036358,
1605908279.4134586,0.0,0.0,0.0,2.6748062345850117,1.5575565189122333,1.918756158572287,
1605908279.6141305,0.0,0.0,0.0,2.654133157851327,1.5545908818247238,1.9089418820463138,
1605908279.8252876,0.0,0.0,0.0,2.6458848389165706,1.5671540546886251,1.8967040760906941,
1605908280.0435777,0.0,0.0,0.0,2.6496141517053484,1.5787151697810313,1.8916509762919995,
1605908280.232621,0.0,0.0,0.0,2.6348261219768014,1.578775812884918,1.873998065799784,
1605908280.4375513,0.0,0.0,0.0,2.599840942115622,1.5749588735648226,1.8607322547141887,
1605908280.6424713,0.0,0.0,0.0,2.572318849528492,1.5731276568771235,1.8395458747182558,
1605908280.8477702,0.0,0.0,0.0,2.524230183872842,1.5626556707429935,1.8078551512624395,
1605908281.0513604,0.0,0.0,0.0,2.509316865106644,1.5468949970973982,1.7813965324069916,
1605908281.269661,0.0,0.0,0.0,2.4727237251183913,1.541034770949347,1.7574294995434825,
1605908281.4556327,0.0,0.0,0.0,2.427596615532261,1.538869729315467,1.7133965092099768,
1605908281.6610315,0.0,0.0,0.0,2.415655440016896,1.5648477682931217,1.730066893384195,
1605908281.86305,0.0,0.0,0.0,2.3522481544651286,1.5437387080438083,1.6929972883237943,
1605908282.0688803,0.0,0.0,0.0,2.290985049272476,1.5286684268033952,1.6757554044189258,
1605908282.2798185,0.0,0.0,0.0,2.258399914109784,1.5164456149532932,1.6352246123371608,
1605908282.4857745,0.0,0.0,0.0,2.2279572449056957,1.5228628664307606,1.5915460394523027,
1605908282.6911871,0.0,0.0,0.0,2.184378770208692,1.5626186411684402,1.5517455130875522,
1605908282.8963335,0.0,0.0,0.0,2.1417826481706546,1.5428111492242156,1.5306115043351969,
1605908283.1008408,0.0,0.0,0.0,2.1150930998176802,1.5572234197379917,1.5130852754901647,
1605908283.302418,0.0,0.0,0.0,2.0232421322155547,1.5550805825412586,1.48719733715581,
1605908283.5072198,0.0,0.0,0.0,1.998828331136406,1.5822333081150586,1.474435233992406,
1605908283.7080796,0.0,0.0,0.0,1.9472674120491877,1.5568303780315844,1.4615690621026263,
1605908283.9113035,0.0,0.0,0.0,1.9008114046568427,1.594774931316237,1.4608184454112778,
1605908284.1133099,0.0,0.0,0.0,1.8536804178522017,1.6226244204891849,1.4643767176369946,
1605908284.3142688,0.0,0.0,0.0,1.8295703419534757,1.6010872647091885,1.4710284224614953,
1605908284.515575,0.0,0.0,0.0,1.7486795382732796,1.6286077900451281,1.4524273123370404,
1605908284.7202384,0.0,0.0,0.0,1.7275776293125606,1.606838880735611,1.4228487670108438,
1605908284.9229994,0.0,0.0,0.0,1.722060847513298,1.565319799630175,1.3778124234274,
1605908285.1291885,0.0,0.0,0.0,1.7162552115524448,1.4849216334886397,1.3397936815956348,
1605908285.3342292,0.0,0.0,0.0,1.7105104871887868,1.423922089459794,1.2993679656403236,
1605908285.5373545,0.0,0.0,0.0,1.71292562931922,1.3930345963009358,1.2551507104854802,
1605908285.7426388,0.0,0.0,0.0,1.6858940509620934,1.4800972601498035,1.191782108751644,
1605908285.9481153,0.0,0.0,0.0,1.6517383267982881,1.5818918519515883,1.1212997900746302,
1605908286.1545496,0.0,0.0,0.0,1.6129888114130932,1.7172889917865788,1.0894665893183897,
1605908286.3598895,0.0,0.0,0.0,1.5534275099364128,1.8440561382075116,1.0082905078408806,
1605908286.5611894,0.0,0.0,0.0,1.482155170677986,1.9495880666148753,0.9851286512676922,
1605908286.761894,0.0,0.0,0.0,1.3769802982155666,1.983160326798114,0.9393889657539416,
1605908286.9774039,0.0,0.0,0.0,1.281818493045298,1.9146327857645586,0.9203966542781561,
1605908287.1980684,0.0,0.0,0.0,1.1906865969344822,1.9175781632585003,0.9830511043063133,
1605908287.3989358,0.0,0.0,0.0,1.0969435315910854,1.889597017801316,1.1293428288999743,
1605908287.6143603,0.0,0.0,0.0,1.0318596467493955,1.8986442244390294,1.2727471210279393,
1605908287.819681,0.0,0.0,0.0,1.0026245591419594,1.87879491161303,1.3589367174838753,
1605908288.0225792,0.0,0.0,0.0,1.0182457092648267,1.8316489090097012,1.3855361201171263,
1605908288.223811,0.0,0.0,0.0,1.0374414652633341,1.7894699414988686,1.3982329627822963,
1605908288.4246972,0.0,0.0,0.0,1.0213664126194526,1.7782466170921367,1.3931630116381315,
1605908288.6456444,0.0,0.0,0.0,0.9673784602966979,1.746926792192851,1.3920373774020989,
1605908288.8501093,0.0,0.0,0.0,0.972772590032926,1.7690287937984635,1.3851056995480868,
1605908289.050998,0.0,0.0,0.0,1.0162947704428391,1.7718915819172634,1.3795524159004229,
1605908289.2532163,0.0,0.0,0.0,1.0045769869308052,1.7711388644782955,1.3788150956005443,
1605908289.4537945,0.0,0.0,0.0,0.9955914501632973,1.7682118987585662,1.3894109993457056,
1605908289.6563776,0.0,0.0,0.0,0.9873839502411369,1.7650897163669694,1.3840175478296415,
1605908289.8583765,0.0,0.0,0.0,0.9955874465153851,1.7763154976597888,1.375633440760073,
1605908290.0616145,0.0,0.0,0.0,1.0199945509956059,1.7841774163369866,1.3497492445383357,
1605908290.2663383,0.0,0.0,0.0,1.0131000545576028,1.7772930465620516,1.3406370314000766,
1605908290.4691975,0.0,0.0,0.0,1.0079460924505959,1.78016184001182,1.3507661060135892,
1605908290.6748629,0.0,0.0,0.0,1.0069929191602471,1.786807274667728,1.3712200987430956,
1605908290.8800714,0.0,0.0,0.0,1.0110041953162543,1.7940122781252505,1.3932568052873715,
1605908291.086219,0.0,0.0,0.0,1.009619391239623,1.7920012891831554,1.4032964357165982,
1605908291.2873893,0.0,0.0,0.0,1.0079610644442554,1.7955412858039435,1.404357615601664,
1605908291.4914732,0.0,0.0,0.0,0.9986267977860973,1.8003117659725778,1.3995620628655414,
1605908291.6968646,0.0,0.0,0.0,0.9982578929882636,1.8065459055544641,1.3900857294476556,
1605908291.8997767,0.0,0.0,0.0,0.9994971841888919,1.8090565961142029,1.3875485016753322,
1605908292.1000636,0.0,0.0,0.0,0.9974736429086632,1.799768196110753,1.386504026842629,
1605908292.3115938,0.0,0.0,0.0,0.9826688192235584,1.79607972437629,1.3879450273291543,
1605908292.5169876,0.0,0.0,0.0,0.9506883161206885,1.767349979794147,1.3818347302329228,
1605908292.7193925,0.0,0.0,0.0,0.9131835901947039,1.7664495228063781,1.3554825696362471,
1605908292.9204123,0.0,0.0,0.0,0.8733497773650434,1.7272076678228625,1.356898278863869,
1605908293.131381,0.0,0.0,0.0,0.8259567379227378,1.662011166700286,1.3140666315056524,
1605908293.336679,0.0,0.0,0.0,0.7892918159638314,1.632591640870204,1.2675582320229064,
1605908293.547243,0.0,0.0,0.0,0.759106369353121,1.5806588547804086,1.2564457972590017,
1605908293.7507553,0.0,0.0,0.0,0.7180694546191319,1.562446394744419,1.2423440047833798,
1605908293.9528837,0.0,0.0,0.0,0.6692315417143283,1.5044706322086525,1.218205457272817,
1605908294.1577106,0.0,0.0,0.0,0.6673694761785668,1.3898322602230349,1.1924625982147936,
1605908294.3874285,0.012480873583915085,0.0017729628955385028,-0.0006895144544042866,0.5894055222833893,1.3352057191060944,1.1795081757068213,
1605908294.588159,0.027585387645107935,0.004581792216749436,-0.0014994178616696949,0.5591626425532971,1.3007360496998275,1.1697798132377022,
1605908294.792154,0.026079660238660637,0.004530480656381387,-0.0015899359192393827,0.561642339954962,1.2662776782115264,1.1627145127893548,
1605908294.9929771,0.08219372886090676,0.018538020352512792,-0.007666821974097735,0.4890109997521833,1.2631444267090133,1.1553018061373874,
1605908295.1953611,0.11543759859627618,0.02883959602486777,-0.0136337265095986,0.4562642573048499,1.2217341664584067,1.1396128777816847,
1605908295.400413,0.15203763068690987,0.03459568370312654,-0.020597960309394037,0.4252715397534624,1.1579277543072406,1.1047351282986602,
1605908295.605424,0.22895435955714125,0.03802326642495989,-0.033082898164187816,0.3684287343000617,1.1172548771168633,1.048679555416536,
1605908295.810848,0.30409238223343027,0.039137110093700696,-0.055270743212294964,0.3141963776086001,1.0780043946290567,1.0015376322862584,
1605908296.0124629,0.352654731450871,0.052194956381079766,-0.0722199730000552,0.27605445663461575,1.0555103988513084,0.990573874361221,
1605908296.2158842,0.3776332382312275,0.06539463495165296,-0.08023545593712963,0.2541354875132039,1.0623730431462741,1.013303688149379,
1605908296.4425726,0.3519122261208819,0.09714582937808347,-0.08897653858980258,0.2651098317827848,1.0780119343115961,1.0419288123469506,
1605908296.644145,0.32687079561056254,0.11225381205770343,-0.10116451173490865,0.27478028328504017,1.0760109663865771,1.058023057782497,
1605908296.8553464,0.30168291784483936,0.11534876450418827,-0.11596592981989264,0.2842053058413081,1.0597120540922558,1.0501887875335858,
1605908297.0612268,0.3047284291925279,0.12983843823722307,-0.1148410055081172,0.27925003349867655,1.0364548735058958,1.0674259743299723,
1605908297.2779467,0.22374497771911986,0.14287419710862984,-0.11727394967417637,0.31916337995076954,1.0513619183181295,1.0908798067197685,
1605908297.4740658,0.18599371139439125,0.15234316041214088,-0.10438169531487541,0.33986053553498696,1.0764048938473247,1.1349684928939119,
1605908297.6791599,0.14457324128866716,0.16156339623205723,-0.09485318118810332,0.35822058393110845,1.093150360023848,1.1754679094500595,
1605908297.8845086,0.09259995031786457,0.1615110949452008,-0.0912220533218229,0.3781284960688457,1.0676496866281584,1.2020710154116243,
1605908298.0894227,0.06426414912294902,0.17197467015265472,-0.09607728898876683,0.3770856667214519,1.020711404475831,1.2138012181968134,
1605908298.2948165,0.03586611753472645,0.18728250643294436,-0.09830336521448962,0.3718133374755881,0.9524155995187176,1.231070148518671,
1605908298.5000181,0.010758515992351593,0.20347335685257117,-0.10276040536789227,0.36198467924321986,0.885616578097643,1.2357723614178664,
1605908298.7021832,-0.028615329585562985,0.19075970168585712,-0.08193396309391102,0.3786229516061072,0.8122890852428822,1.2424691625925415,
1605908298.903334,-0.047154340032783196,0.14312478132918968,-0.053698580635562036,0.41870736310205436,0.74263330190075,1.2467973668851018,
1605908299.1052225,-0.04866167236720962,0.09471164547630934,-0.03158498063717558,0.4613648429428874,0.6796270469462876,1.2474246659877029,
1605908299.308708,-0.03725750751960092,0.05405391102510293,-0.018073194393616623,0.5045654800698162,0.6406577829941271,1.2609931422184542,
1605908299.5114627,-0.013207137417175017,0.030519008856756548,-0.01074098749788987,0.5504503364907747,0.5958661067501656,1.2650564409531466,
1605908299.7116969,0.011210881773259431,0.025448496387675445,-0.009471871767205873,0.597036655344406,0.5600388049107706,1.284010181353198,
1605908299.9126656,0.07215368844905093,0.09947724220634177,-0.03488225583189808,0.630810413879867,0.44709090026663834,1.2986456015630286,
1605908300.117169,0.13591082324517093,0.1965149059393798,-0.06364509001950605,0.6564687314493429,0.3564579005109875,1.328322088538494,
1605908300.322096,0.21553136559912048,0.27626757410290365,-0.08403484042569487,0.6705529038521314,0.2770826747676327,1.3485479767666648,
1605908300.5264895,0.25901805910757875,0.304904348619496,-0.09969867578289816,0.6831190868171618,0.23409153864182689,1.363632700978359,
1605908300.7296658,0.2316917207845691,0.334521351750364,-0.1191421408218271,0.7078509694754535,0.21946221488358558,1.3518285232879474,
1605908300.9350336,0.11765755032033076,0.3440233478287737,-0.1289312422889797,0.755910158429098,0.2506819350022581,1.3590280505095542,
1605908301.1362522,0.04375983320663184,0.3042285779614085,-0.12563299148235016,0.7864382336692187,0.2899671639108392,1.368966131760232,
1605908301.3416271,0.03197314136869407,0.2811256826671859,-0.12069676122028494,0.8333967595174082,0.3071771009013397,1.3823367658681684,
1605908301.5450785,0.00573804945427728,0.14712692181552417,-0.05984384690894024,0.8828171330242406,0.4182241713307102,1.406511554186114,
1605908301.7504427,0.0006282690703696929,0.03936488368699667,-0.014848921655547818,0.957441541237481,0.5354641838862891,1.4815447303302727,
1605908301.9555173,-0.00028194295894050657,0.03259370465049653,-0.013011959606366053,1.0909822578551442,0.5454129822718162,1.4924343146931722,
1605908302.1599262,0.0,0.0,0.0,1.1204491898914364,0.6739747550376914,1.585035160498602,
1605908302.3608558,0.0,0.0,0.0,1.2045809180745684,0.7799803744529258,1.6982836428784103,
1605908302.5692124,0.0,0.0,0.0,1.258311782013339,0.8393285923828653,1.8488680349677808,
1605908302.777481,0.0,0.0,0.0,1.2929585781521307,0.8450595641816845,1.900548132588079,
1605908302.979636,0.0,0.0,0.0,1.2636273768191095,0.6812811309859946,1.862789692024431,
1605908303.1831644,-0.002101779051247885,0.00285594753211604,-0.0007602030900807301,1.2144151859101495,0.6174482298276878,1.7476351309599765,
1605908303.3844547,-0.0751494655997582,0.06614449064469098,-0.013576521504120349,1.1837569746578729,0.47286260795426194,1.6164588448293957,
1605908303.5878851,-0.21825563715599441,0.0422473483045247,0.002282301629623219,1.176289388948784,0.37816757308716387,1.5218908966732971,
1605908303.7918718,-0.2344172672727059,0.005608900969590001,0.022821995769482618,1.1823422111965658,0.3682856278236813,1.4701515888798877,
1605908303.9948378,-0.21722343693517307,-0.025964427922525714,0.03291103689349152,1.1866743686458088,0.37760473094333946,1.4505621359634482,
1605908304.1997645,-0.19940915161322695,-0.05060098521364116,0.0361101464932017,1.226615632035673,0.3859885634715932,1.4182690437855103,
1605908304.4041505,-0.16436642421304723,-0.057441224143027034,0.03225928223112571,1.2456501318179185,0.4092573605177313,1.4153916565925657,
1605908304.6057246,-0.12184175528876727,-0.03806137818411797,0.01969187964543816,1.3085236844666672,0.44781797829816633,1.4393857233921568,
1605908304.8236446,-0.07160081974684161,-0.012807010544825595,0.006684082745317537,1.3867913795678515,0.5009316280114742,1.521131341063898,
1605908305.0412824,-0.02220470768554951,-0.0010778220103814249,0.0015248411742228697,1.4502864858688054,0.569122874887548,1.6083512069601678,
1605908305.2415204,-0.003980412574365266,0.00011524255006598506,0.00029635598831309005,1.4783461632356099,0.61608364371773,1.6632297253026243,
1605908305.44687,-0.0005380276730153691,1.713637809738119e-05,3.5093973706307563e-05,1.4724667245520808,0.637585440543431,1.6751894147987416,
1605908305.6522033,-0.00397254048075205,-0.0002664676137966208,0.00021550491658694265,1.4389067926967585,0.6161255287674338,1.6598373080420836,
1605908305.8555987,-0.003392585762819545,-0.00015592410005547133,0.00016961500044440414,1.4235803316952944,0.6187355881020167,1.6590457078022554,
1605908306.058135,-0.003392585762819545,-0.00015592410005547133,0.00016961500044440414,1.3901639755083228,0.6187355881020167,1.6517696115366622,
1605908306.269006,-0.005610877746287568,0.0003817573217479739,9.831897933248387e-05,1.4024048903259014,0.6097386391272426,1.6751082805801258,
1605908306.4800804,-0.011486935246006786,0.0016304918647253815,-7.507748129492666e-05,1.3691703635146775,0.5919752889603802,1.666602870985632,
