1605908275.9748373,0.0,0.0,0.0,2.0750166204678586,0.9641562768765825,1.2786916493918579,
1605908276.180267,0.0,0.0,0.0,2.075135223174038,0.9586888567614682,1.2827610936180038,
1605908276.3815494,0.0,0.0,0.0,2.0741716011919094,0.9583176097385224,1.2814153609647583,
1605908276.5838313,0.0,0.0,0.0,2.0835632200710092,0.9662086055876036,1.2826756053829749,
1605908276.789196,0.0,0.0,0.0,2.0855209943125113,0.9662086055876036,1.2776302974088416,
1605908276.9952402,0.0,0.0,0.0,2.080909941649131,0.9632231345231071,1.2748031184707518,
1605908277.1995533,0.0,0.0,0.0,2.066562832761359,0.9558252299824479,1.2809465205193706,
1605908277.4037046,0.0,0.0,0.0,2.083679091091889,0.9558252299824479,1.2937069249613171,
1605908277.6130955,0.0,0.0,0.0,2.0617126511204233,0.942064036266054,1.2851178631942226,
1605908277.8172216,0.0,0.0,0.0,2.0531020113583978,0.9406812687552711,1.2807740125817373,
1605908278.023524,0.0,0.0,0.0,2.0615667191966565,0.9464003587991784,1.2749999695207423,
1605908278.2264347,0.0,0.0,0.0,2.038822208865577,0.9463311114046731,1.2574170328082614,
1605908278.4280255,0.0,0.0,0.0,2.0161444001513247,0.9452508799079836,1.2490797877336466,
1605908278.6298397,0.0,0.0,0.0,2.000434163470213,0.9367257656634769,1.2450884151412331,
1605908278.8337047,0.0,0.0,0.0,1.9867593877442555,0.905880359733697,1.2401669179315107,
1605908279.0389705,0.0,0.0,0.0,1.964147492810309,0.8883525292672168,1.2277918939596797,
1605908279.2442572,0.0,0.0,0.0,1.940562292207916,0.880305955286071,1.21361568800447,
1605908279.4454246,0.0,0.0,0.0,1.9110303926108065,0.862342434843398,1.1928120921123728,
1605908279.6474757,0.0,0.0,0.0,1.8878863297737147,0.8704201958429175,1.1658971790422186,
1605908279.8525753,0.0,0.0,0.0,1.8678637741006447,0.8674050388612138,1.1446306425633492,
1605908280.0557323,0.0,0.0,0.0,1.8539723598481104,0.8488658282034415,1.1256190514009197,
1605908280.2711387,0.0,0.0,0.0,1.8385626090572535,0.8450056113222126,1.1081127641926545,
1605908280.474131,0.0,0.0,0.0,1.7940919305432828,0.8299157822769165,1.082554037584979,
1605908280.6749609,0.0,0.0,0.0,1.73864759222203,0.7943472847552471,1.0399014757363516,
1605908280.8802404,0.0,0.0,0.0,1.6590381078651897,0.7457220062064848,0.9900754434560293,
1605908281.0864496,0.0,0.0,0.0,1.6245220159215827,0.7026048716473541,0.9552163260401121,
1605908281.29152,0.0,0.0,0.0,1.5844030668731088,0.689125323527044,0.9276545147293875,
1605908281.4973705,0.0,0.0,0.0,1.558927593156377,0.7007083639298408,0.9037325841717722,
1605908281.7009904,0.0,0.0,0.0,1.5290156897281706,0.7079124545477585,0.8937657698802083,
1605908281.9030743,0.0,0.0,0.0,1.4782260784971508,0.6978786894576802,0.8707169254008178,
1605908282.1074579,0.0007728587631609291,0.000664771558274247,0.00011473288817181054,1.37110046555748,0.6328383142567545,0.8142327846971146,
1605908282.3127434,0.02054982562192576,0.01563633297122978,0.003049839562417411,1.2901682962091605,0.5623486655129825,0.7408490400946908,
1605908282.5167468,0.04260560411587328,0.027974552754145315,0.00556409885238721,1.224258980717383,0.5258720029355957,0.6679306048615303,
1605908282.7192404,0.029613278679078675,0.010993915313021654,0.00362460687617396,1.1750272584091659,0.5559818181021287,0.6235035229072432,
1605908282.9246604,0.0676239200519496,0.020795576053613818,0.007361935690292032,1.111472612577353,0.5129454101173337,0.5926929296212583,
1605908283.127609,0.07994434356842735,0.009756838782802302,0.010027359160087611,1.0677303851970732,0.5165713100841266,0.562664267406758,
1605908283.3329136,0.13110499901104652,0.0055943735933197646,0.015299970674453633,0.9602759836232705,0.49592678248322514,0.5132216466330233,
1605908283.5346916,0.18295630959474363,0.0009844315632661846,0.014711579195195798,0.9031801040211412,0.48783687883551574,0.4637928062701597,
1605908283.7354581,0.15494715328897196,0.009654055600186208,0.014518213707984905,0.8838855528450863,0.4909332989420684,0.48801318528103443,
1605908283.9373126,0.22784945520652505,0.005118399967014908,0.022200351105991063,0.75153383005613,0.4433029927982533,0.4485820181851811,
1605908284.1390998,0.17806848387835467,0.003951883011056458,0.02268426417373876,0.6914417587949435,0.4554901363620033,0.48210755451710935,
1605908284.3421094,0.13831622520000034,-0.004089803334339108,0.01646474509671386,0.634843629709352,0.4816701529801128,0.5015339654962394,
1605908284.5431066,0.16589609471084943,-0.0020633628175640434,0.018954646738916277,0.5983575789459336,0.4572525237908187,0.5124899440918835,
1605908284.7444088,0.21014709317024793,-0.009306177386010486,0.027722474192314796,0.6004764427379558,0.4249399182287644,0.5019827392481897,
1605908284.9522493,0.2938239535236144,-0.0348272209466746,0.05893917089539835,0.6157428649776315,0.3606881814360543,0.49116772064113934,
1605908285.1572206,0.41355023672547037,-0.14440110381859542,0.10017306068559825,0.6764302981989705,0.32177220718952476,0.39889998643642166,
1605908285.3625927,0.5197667854023446,-0.2978481845118516,0.13658825019734136,0.6698742732773825,0.2830624886632002,0.30352614122096555,
1605908285.572168,0.19778454772914733,-0.6027872818872743,0.21535024574847667,0.6420187281510434,0.23304783971508702,0.26202988195565236,
1605908285.7759898,0.05539665908408316,-0.47393798329071074,0.13414044643446987,0.6286682228697843,0.32754876495054935,0.3202820343462504,
1605908285.9780633,-0.01501783376033309,-0.20100163247781822,0.03418482321269499,0.7346460667911351,0.5129700233169834,0.4129134730273099,
1605908286.2766774,-0.006610343999267074,-0.02110262034711801,0.0022434393833870667,0.865434950387385,0.745877464406589,0.5691385570224368,
1605908286.3834171,0.0,0.0,0.0,0.9971971687583656,0.9742005085176102,0.9045210562050958,
1605908286.5837266,0.0,0.0,0.0,1.0858569377540483,1.150722397308226,1.138648611579008,
1605908286.7856193,0.0,0.0,0.0,1.1794225432865924,1.2254396879495582,1.2837518805193502,
1605908286.9880111,0.0,0.0,0.0,1.2398891676720585,1.136355889449423,1.266760648806888,
1605908287.2037842,0.0,0.0,0.0,1.276131542696194,0.9780516257754879,1.1422568761410412,
1605908287.4412189,0.0,0.0,0.0,1.3131848663259915,0.8337515585876621,1.0024333824980647,
1605908287.619541,0.0,0.0,0.0,1.3357944363679968,0.8063718078635038,0.9142826050591256,
1605908287.865424,0.0,0.0,0.0,1.3272399128469148,0.8867926965984013,0.882018112876131,
1605908288.0283759,0.0,0.0,0.0,1.2673616916831207,0.9515907569825017,0.8948455464506053,
1605908288.2336009,0.0,0.0,0.0,1.222529245190237,0.9627987197264706,0.9082396633228988,
1605908288.4347398,0.0,0.0,0.0,1.1991841008365496,0.9382432612222676,0.8987726511295429,
1605908288.645448,0.0,0.0,0.0,1.2372803682409428,0.9044379956437858,0.8725774623740775,
1605908288.8560624,0.0,0.0,0.0,1.2282507100274038,0.8773431758834782,0.8478017944708108,
1605908289.0569315,0.0,0.0,0.0,1.157427419162206,0.8836331330351027,0.8237835555993821,
1605908289.2683024,0.0,0.0,0.0,1.157427419162206,0.8933133293121706,0.8200269603877316,
1605908289.465577,0.0,0.0,0.0,1.1671142619938877,0.9252938820218097,0.8006149693620991,
1605908289.732194,0.0,0.0,0.0,1.1855960445193474,0.9267727690942905,0.7899531810709912,
1605908289.8685725,0.0,0.0,0.0,1.203114429069938,0.9162119249544403,0.7832015143127282,
1605908290.071793,0.0,0.0,0.0,1.1903174263667664,0.9054286537875018,0.7888209569347719,
1605908290.272667,0.0,0.0,0.0,1.1903174263667664,0.8981662940615608,0.7919889001705176,
1605908290.4750304,0.0,0.0,0.0,1.1857858397283942,0.9016745517169872,0.7952753022577709,
1605908290.680681,0.0,0.0,0.0,1.1815093298217376,0.9020244893940196,0.7961715551303526,
1605908290.8858702,0.0,0.0,0.0,1.1784815473151493,0.8986674148387516,0.792167275992096,
1605908291.092464,0.0,0.0,0.0,1.185060645421712,0.8987351403853964,0.7801580865418062,
1605908291.2973788,0.0,0.0,0.0,1.1885620979970637,0.909214995419121,0.775406275824844,
1605908291.5017312,0.0,0.0,0.0,1.1945161906039257,0.9119550516742287,0.7833205512618276,
1605908291.7033043,0.0,0.0,0.0,1.2055261453430255,0.9142860173034143,0.8014520007548509,
1605908291.924873,0.0,0.0,0.0,1.2053842396281873,0.908399923062499,0.8049123940829174,
1605908292.1125894,0.0,0.0,0.0,1.2114299973776956,0.9020442573961867,0.8019661194694666,
1605908292.3179626,0.0,0.0,0.0,1.189005800929776,0.9035417008566177,0.7486413704215986,
1605908292.523111,0.0,0.0,0.0,1.2065394975887722,0.8923300206088817,0.7546656320839352,
1605908292.7284477,0.0,0.0,0.0,1.2037623932367556,0.894549232644634,0.7414068007898471,
1605908292.9318829,0.0,0.0,0.0,1.2014943667822193,0.9020806394572835,0.6986042884413145,
1605908293.1725867,0.0,0.0,0.0,1.20539038090674,0.9262890660771906,0.6948971907259465,
1605908293.3470218,0.0,0.0,0.0,1.2033633457646933,0.9314956219984368,0.7235720959641325,
1605908293.5480614,0.0,0.0,0.0,1.1906335068754739,0.9217234306588301,0.711767693858688,
1605908293.8111742,0.0,0.0,0.0,1.1942484286019743,0.9192044780288813,0.7008162176926506,
1605908293.9523647,0.0,0.0,0.0,1.2032776924209119,0.9210187399856063,0.7021070331962964,
1605908294.1662712,0.0,0.0,0.0,1.1758059052927634,0.902286782510283,0.7160247843779929,
1605908294.3715513,0.0,0.0,0.0,1.2312455080883276,0.8900764005110846,0.7613557157638242,
1605908294.5769453,0.0,0.0,0.0,1.1724063548708872,0.8643346905719606,0.6877489127957518,
1605908294.7924557,0.0,0.0,0.0,1.1382965299308085,0.8527064981146076,0.6962824627486108,
1605908294.993373,0.0,0.0,0.0,1.1497321326086287,0.8364542991455758,0.7079203247178961,
1605908295.194769,0.0,0.0,0.0,1.1368764494542947,0.8690533355788124,0.6671412440813761,
1605908295.4001691,0.0,0.0,0.0,1.1555278597365846,0.9218381531524541,0.7046613034877365,
1605908295.6112072,0.0,0.0,0.0,1.1448144875614685,0.9297304125603791,0.6566592638785845,
1605908295.8172905,0.0,0.0,0.0,1.1560062603370098,0.8719243201036078,0.6654501210377862,
1605908296.0606565,0.0,0.0,0.0,1.1927300422272222,0.8539671473011442,0.6862038684460842,
1605908296.226038,0.0,0.0,0.0,1.2359143890331274,0.8661589580200023,0.7044490068953068,
1605908296.4370406,0.0,0.0,0.0,1.2477694574394458,0.894053275929612,0.7198249447171747,
1605908296.6289027,0.0,0.0,0.0,1.241530659490973,0.9166741993505767,0.7288214827315794,
1605908296.8342938,0.0,0.0,0.0,1.2365178180182377,0.9307299370871172,0.7311791777888568,
1605908297.0351903,0.0,0.0,0.0,1.2365178180182377,0.9155405230872692,0.746676209391089,
1605908297.2404773,0.0,0.0,0.0,1.2160924786697367,0.9092734663804227,0.7359670847656314,
1605908297.450742,0.0,0.0,0.0,1.2263997537127176,0.910244472618896,0.7242578332664739,
1605908297.650929,0.0,0.0,0.0,1.217213882197692,0.9091799834781231,0.6788262534659426,
1605908297.8616328,-0.0019361673830506046,-0.00014425396235424317,6.526013573165379e-05,1.1910662198070714,0.9112508688990878,0.6264085577027815,
1605908298.0675743,-0.01522441160161862,-0.0008141078278735836,0.00031323170699915087,1.1731483014835375,0.9181492663468492,0.5833541086089445,
1605908298.2953548,-0.029794153753293976,-0.00032829672402436477,0.0002930805681856153,1.15027541550145,0.9311393305929722,0.556286589620317,
1605908298.4743402,-0.03869902556410675,0.0003177585102685695,2.710131956637296e-05,1.1323721427430975,0.957155414507197,0.5428614976502459,
1605908298.695885,-0.049514000054450856,-0.0005363714871266048,-0.0011997641328855481,1.123515089123555,0.976762423149383,0.5283379642635971,
1605908298.8879054,-0.05703156175930096,-0.001873244634989062,-0.001970133262461143,1.1116174435715165,0.9681129965348119,0.5190440799851617,
1605908299.0887604,-0.0480119070575882,-0.0030816094180869014,-0.0012433957073577598,1.1204744758403382,0.9479722935433681,0.5301285781859473,
1605908299.2928932,-0.039327566963326864,-0.0025008975390755617,-0.0013100446793388176,1.138103786066402,0.9213516455871824,0.5418068899027081,
1605908299.4949236,-0.029440066877204976,-0.002008433631666967,-0.0007419121080776476,1.1490991367210033,0.9130059900565594,0.5567270764939447,
1605908299.696198,-0.0200087482469525,-0.0007180952335216,-0.00048424096802742535,1.142275219399606,0.8910583313822639,0.5734592117286472,
1605908299.913033,-0.007991678927367647,0.0004326928336217049,-0.00044642059331665123,1.1160798871778594,0.8804522343730684,0.6018368511804811,
1605908300.11671,-0.00020914304025477416,3.922931552479701e-05,-1.778288078561119e-05,1.0883579308895768,0.8601031414326076,0.6421914362740044,
1605908300.3229523,0.0,0.0,0.0,1.1031646026182207,0.8637528240051614,0.7003579760767461,
1605908300.526702,0.0,0.0,0.0,1.1643539311855309,0.8996753912523849,0.7627911316167058,
1605908300.7291753,0.0,0.0,0.0,1.169660813603252,0.9031547729984517,0.7467119069748266,
1605908300.9355454,0.0,0.0,0.0,1.2027402563647127,0.9195393670256928,0.7442459280225778,
1605908301.1368153,0.0,0.0,0.0,1.2263177033925718,0.9520570575293196,0.755753163571364,
1605908301.3418667,0.0,0.0,0.0,1.240820744811154,1.016923754961355,0.7662970358093464,
1605908301.6140518,0.0,0.0,0.0,1.2336032314928072,0.9903439574345441,0.77121261638137,
1605908301.760755,0.0,0.0,0.0,1.2140886449106312,0.9627961192627028,0.7676418951896212,
1605908301.965625,0.0,0.0,0.0,1.1827781092264258,1.0208507015134325,0.7538733082650323,
1605908302.1707585,0.0,0.0,0.0,1.1612332688076545,0.9517173717537578,0.6767896812764014,
1605908302.3726513,-0.018614218130915502,-0.003511905396115561,0.0010777650094219136,1.1399385935716397,0.8787645027948706,0.5754956499275916,
1605908302.6419442,-0.0419327778876459,0.004346348243944249,-0.0007703755476806989,1.121074833944515,0.8138808406645165,0.5380291950645375,
1605908302.777154,-0.01712735524534901,0.005029552060630351,-0.001597944845764802,1.2198652039677864,0.7397522111269601,0.5775550725318832,
1605908302.9793997,0.0,0.0,0.0,1.1786144178139573,0.7818245768082448,0.6915113181237534,
1605908303.183747,0.0,0.0,0.0,1.1523577665068918,0.6646095648907769,0.72234194215444,
1605908303.3846965,0.0,0.0,0.0,1.1532235336150547,0.7044908361348107,0.7344902318208926,
1605908303.5881014,0.0,0.0,0.0,1.1730799844185626,0.8640044085476752,0.7373307733976859,
1605908303.7920873,0.0,0.0,0.0,1.1983101261243694,0.9055240091434346,0.7498920196977432,
1605908303.9940364,0.0,0.0,0.0,1.2152067628900913,0.9326784394860906,0.7612326975349241,
1605908304.2265174,0.0,0.0,0.0,1.2549329342579474,0.9988471015136635,0.7234436782123459,
1605908304.4298272,0.0,0.0,0.0,1.248523355957225,1.0087039079550266,0.7435774416032163,
1605908304.6064987,0.0,0.0,0.0,1.2408187876199228,0.9796528692200991,0.7412783544591133,
1605908304.8076062,0.0,0.0,0.0,1.2415968184886126,0.9366166364803858,0.7575391824482572,
1605908305.0526721,0.0,0.0,0.0,1.2111357135102685,0.8942114444325219,0.7262637895815268,
1605908305.2137814,0.0,0.0,0.0,1.254747201268404,0.8634648665458616,0.7565566602478715,
1605908305.41788,0.0,0.0,0.0,1.2524157704204213,0.8627867546488984,0.808903993014032,
1605908305.6690252,0.0,0.0,0.0,1.2449900000007466,0.905148278858596,0.8254200934386148,
1605908305.8224478,0.0,0.0,0.0,1.263482863741544,0.9357971210928261,0.8343504336940162,
1605908306.039367,0.0,0.0,0.0,1.2212532014870583,0.9231701049471485,0.830756597944347,
1605908306.228194,0.0,0.0,0.0,1.230278385578368,0.8669561151331566,0.8285485981638975,
1605908306.4404795,0.0,0.0,0.0,1.2193951676145902,0.840473199019425,0.8246267294743104,
1605908306.6404686,0.0,0.0,0.0,1.2275350286209488,0.8476112639754048,0.8154008113550774,
1605908306.8965328,0.0,0.0,0.0,1.2536989108191334,0.9032221459069921,0.7988980824885723,
