1605908275.9543464,0.0,0.0,0.0,1.2759303091390966,1.1902226393468724,0.9641562768765825,
1605908276.170476,0.0,0.0,0.0,1.274960742587664,1.1891040164956486,0.9586888567614682,
1605908276.3712146,0.0,0.0,0.0,1.2671013253916332,1.1771534976452973,0.9573289364442354,
1605908276.6011941,0.0,0.0,0.0,1.2637950234755337,1.1707505225950898,0.9578240156012653,
1605908276.7896566,0.0,0.0,0.0,1.26401418630267,1.1656991459735317,0.964441529481409,
1605908276.9950392,0.0,0.0,0.0,1.2607207459903282,1.1627147648023122,0.9661899746340384,
1605908277.2000644,0.0,0.0,0.0,1.2599999879013883,1.1818692174261765,0.9655469124976029,
1605908277.4042654,0.0,0.0,0.0,1.2741948531157148,1.1811556210113447,0.9558252299824479,
1605908277.6069336,0.0,0.0,0.0,1.2776783622987085,1.1927510818281286,0.9543619315274506,
1605908277.8177562,0.0,0.0,0.0,1.279227946208189,1.21337449664671,0.9475370324001094,
1605908278.023094,0.0,0.0,0.0,1.2721151606197834,1.2068118267419696,0.9477812754902808,
1605908278.232278,0.0,0.0,0.0,1.2564333429412646,1.1897681549643995,0.9463311114046731,
1605908278.4348752,0.0,0.0,0.0,1.2281448416657927,1.162208544036968,0.943179856856346,
1605908278.6400964,0.0,0.0,0.0,1.2166672696090965,1.135572714818964,0.9367257656634769,
1605908278.85096,0.0,0.0,0.0,1.2173509035747243,1.112556492141967,0.915803983465103,
1605908279.0766885,0.0,0.0,0.0,1.1796901524286032,1.0580220190943237,0.8883525292672168,
1605908279.2561352,0.0,0.0,0.0,1.1666364918817305,1.0496492520093181,0.880305955286071,
1605908279.4615066,0.0,0.0,0.0,1.1496338787198332,1.03603573034862,0.8707804008560512,
1605908279.6746051,0.0,0.0,0.0,1.131946432734281,1.0285363651634638,0.8704201958429175,
1605908279.8693092,0.0,0.0,0.0,1.1169890348870488,1.0113171372927015,0.8674050388612138,
1605908280.107771,0.0,0.0,0.0,1.1140014555198985,0.9831047141671403,0.8529565960507813,
1605908280.2837994,0.0,0.0,0.0,1.074820343620817,0.9529920261773034,0.8477230398838148,
1605908280.4831767,0.0,0.0,0.0,1.043395446493597,0.9108341987377954,0.8284271637597448,
1605908280.6866186,0.0,0.0,0.0,1.020886953232557,0.8679107839753186,0.78523485744029,
1605908280.9036868,0.0,0.0,0.0,0.9937126182704789,0.8379703094083811,0.7357203350893973,
1605908281.1086266,0.0,0.0,0.0,0.9582041089355999,0.8040463039310001,0.7028318091055328,
1605908281.3130114,0.0,0.0,0.0,0.9237270252388281,0.7667741804961653,0.705353576243032,
1605908281.5304072,0.0,0.0,0.0,0.8789102407531392,0.7451168440040778,0.720434474078759,
1605908281.7297077,0.0,0.0,0.0,0.8680683650129917,0.7519750162458663,0.720434474078759,
1605908281.9299903,0.0,0.0,0.0,0.8149612735507532,0.6918134071533668,0.6979607540185512,
1605908282.1365466,0.0017295212230775663,-0.004867489612826673,-0.00039448248774939186,0.7612822164876738,0.6120467746601241,0.6345562400587502,
1605908282.3343425,0.008493439826043786,-0.05573091177828203,-0.005053221915411714,0.722758397987138,0.5248053472104042,0.5790683052916027,
1605908282.540231,0.019702641679531792,-0.14066591885697832,-0.012735973194025857,0.6767627082009791,0.44339687999080013,0.5517763750454091,
1605908282.750749,0.027416563137569135,-0.20946019483950884,-0.026004271712116202,0.6222511327733432,0.3885478782405023,0.5559818181021287,
1605908282.9485562,0.02546041812584931,-0.2515851579541166,-0.03921651787064948,0.5761044837661407,0.35648725594721714,0.5387621572552477,
1605908283.1538906,0.044072508307314635,-0.26906104347816806,-0.04660735880083304,0.5580736776800673,0.3372527199348207,0.5595428238252619,
1605908283.3652928,0.05432942433042773,-0.2831471291849087,-0.0667952272761794,0.470726851457133,0.3256061355647362,0.49592678248322514,
1605908283.55775,0.08908804611631138,-0.24393196069168882,-0.04524641214120327,0.42313397790950785,0.3631627408641629,0.4909332989420684,
1605908283.7699766,0.12345104826341124,-0.24783135658628103,-0.03984341732520422,0.4094114724367461,0.36811281071876584,0.4909332989420684,
1605908284.0451705,0.15521595136054647,-0.21536295434243424,-0.045723281153637683,0.34770603650192294,0.44507843723417306,0.4433029927982533,
1605908284.1764038,0.22715151144203735,-0.20087830622460812,-0.072389964751224,0.29559742937509,0.5030776429517343,0.4554901363620033,
1605908284.3817282,0.2645198059737798,-0.28647136036737103,-0.08795598336141042,0.24505715925531224,0.53161154720809,0.4816701529801128,
1605908284.6077676,0.24008314549927168,-0.3550083675781387,-0.09601208301362327,0.21658231267760514,0.5021200888648196,0.4572525237908187,
1605908284.8016322,0.18508840453403475,-0.3751226478177633,-0.0894966193895653,0.23949049399714611,0.464861248610303,0.4249399182287644,
1605908285.0025184,0.08780405158747595,-0.31741091100824886,-0.12976289055383147,0.2894959608294591,0.41287889989334403,0.3606881814360543,
1605908285.21852,-0.10381337423831666,-0.37888024331215364,-0.1951489135540863,0.38712694259875624,0.29791643894212283,0.32177220718952476,
1605908285.4702818,-0.26939123032481016,-0.3536824480803314,-0.2,0.4290488041177179,0.24810884110077952,0.2830624886632002,
1605908285.61602,-0.27987512003103954,-0.07973009706075845,-0.2,0.394789377138487,0.32958831986862763,0.33092565359903475,
1605908285.8195462,-0.26501946413483557,0.016291618308936634,-0.2,0.435915310435598,0.3474332611486671,0.32754876495054935,
1605908286.0212631,0.021543626267214136,-0.17503552459063204,-0.12513567262128766,0.3530616307114939,0.5200900144845555,0.5129700233169834,
1605908286.249186,-0.049964982264055574,-0.2241481908870391,-0.10879290312235895,0.34407575448091293,0.7283793907550237,0.745877464406589,
1605908286.432959,-0.08754758536901175,-0.07517827958984356,-0.046428957556284685,0.4472902026626656,0.9142910038493978,0.9742005085176102,
1605908286.633035,-0.0035224754618602785,-0.0011479100915955211,-0.0010671781624892632,0.6162246173645618,1.0611408767228712,1.150722397308226,
1605908286.8382657,0.0,0.0,0.0,0.7536208395042671,1.154439965923407,1.2254396879495582,
1605908287.0437071,0.0,0.0,0.0,0.8051869031023248,1.1426093015809404,1.136355889449423,
1605908287.255313,0.0,0.0,0.0,0.884677408072299,1.1417362313833828,0.9811334958330269,
1605908287.4580429,0.0,0.0,0.0,0.931910392319348,1.1933170606826913,0.8825075808077308,
1605908287.6762078,0.0,0.0,0.0,0.8974234652690966,1.2600903731208697,0.8963067727942362,
1605908287.8651063,0.0,0.0,0.0,0.8974234652690966,1.286783675986686,0.8867926965984013,
1605908288.0682185,0.0,0.0,0.0,0.8156649036920445,1.3230871401355058,0.9452131730705428,
1605908288.2855873,0.0,0.0,0.0,0.7560424564780541,1.3189540098570391,0.9627987197264706,
1605908288.477642,0.0,0.0,0.0,0.7358288307916725,1.2878737355140648,0.9261636306769788,
1605908288.6830246,0.0,0.0,0.0,0.7798989331813583,1.2541218855399643,0.8865601395003494,
1605908288.8955414,0.0,0.0,0.0,0.7964299463850316,1.2437239077181548,0.8876902012723933,
1605908289.0880623,0.0,0.0,0.0,0.7699994227924929,1.2450878275627162,0.8933133293121706,
1605908289.2902086,0.0,0.0,0.0,0.7699994227924929,1.2469988803590237,0.8933133293121706,
1605908289.4916883,0.0,0.0,0.0,0.7785280823188557,1.2509602041721664,0.9037260053331114,
1605908289.6956758,0.0,0.0,0.0,0.7751069452137933,1.2106438976147522,0.9091313026500206,
1605908289.9014893,0.0,0.0,0.0,0.7781079192234068,1.1780748969210648,0.8977867698599524,
1605908290.1475737,0.0,0.0,0.0,0.7645329943767714,1.1606861701594273,0.9054286537875018,
1605908290.3215542,0.0,0.0,0.0,0.7742211948615754,1.1574665941596691,0.8994769590029897,
1605908290.5379093,0.0,0.0,0.0,0.7827419608735754,1.1913333482984316,0.9026586047358234,
1605908290.7431808,0.0,0.0,0.0,0.7863140832003962,1.195543848743584,0.9027751897115139,
1605908290.9540257,0.0,0.0,0.0,0.7815075609500576,1.1857932839539824,0.9013021990148351,
1605908291.1651182,0.0,0.0,0.0,0.7841485034256265,1.1891005813731914,0.9076834459328086,
1605908291.3923454,0.0,0.0,0.0,0.7902949199818481,1.2044283308339472,0.909214995419121,
1605908291.5789878,0.0,0.0,0.0,0.8100876143007427,1.216860148412579,0.912141655413312,
1605908291.7842524,0.0,0.0,0.0,0.8108833131667288,1.2214266867734465,0.9142860173034143,
1605908291.997306,0.0,0.0,0.0,0.8134727169478434,1.2232779675010572,0.9159333281781195,
1605908292.1966362,0.0,0.0,0.0,0.8145386869834323,1.2113280296595463,0.9023489698411801,
1605908292.583971,0.0,0.0,0.0,0.8175197127422924,1.1913045128631201,0.8923300206088817,
1605908292.6374416,0.0,0.0,0.0,0.8547045892878236,1.1913045128631201,0.8923300206088817,
1605908292.8163643,0.0,0.0,0.0,0.8168928588818156,1.1756886694496806,0.8971937118741916,
1605908293.0214906,0.0,0.0,0.0,0.861519315470352,1.15908042750226,0.9085372362141647,
1605908293.240228,0.0,0.0,0.0,0.808021708720617,1.1583090576780795,0.9236358195899018,
1605908293.4438832,0.0,0.0,0.0,0.849485692737585,1.1569686156940453,0.9255790905767771,
1605908293.6477733,0.0,0.0,0.0,0.826683047368965,1.1613835541954378,0.9233511231001975,
1605908293.850841,0.0,0.0,0.0,0.7932592630730033,1.1319034972585422,0.9210187399856063,
1605908294.0529783,0.0,0.0,0.0,0.7841239506601104,1.1174013041349589,0.9092400692808602,
1605908294.2560408,0.0,0.0,0.0,0.767808518167404,1.1073948278399792,0.902286782510283,
1605908294.477106,0.0,0.0,0.0,0.7493919932912952,1.1332038016512653,0.8859556608209754,
1605908294.6673267,0.0,0.0,0.0,0.7450206223322512,1.0934675190797705,0.849591585340366,
1605908294.872699,0.0,0.0,0.0,0.7481205535188171,1.1433378434234471,0.8364542991455758,
1605908295.0822732,0.0,0.0,0.0,0.7455065541603426,1.1531486822218038,0.8502675293525187,
1605908295.2796922,0.0,0.0,0.0,0.7526536761861383,1.1809692938594334,0.8993187801475556,
1605908295.482893,0.0,0.0,0.0,0.7490684107124456,1.1831843293382045,0.9218381531524541,
1605908295.6993592,0.0,0.0,0.0,0.7583453437126071,1.1704192460851162,0.9297304125603791,
1605908295.8858378,0.0,0.0,0.0,0.7707236252808958,1.117332677521801,0.8719243201036078,
1605908296.091255,0.0,0.0,0.0,0.7863341978606518,1.0879059978799368,0.8539671473011442,
1605908296.2952788,0.0,0.0,0.0,0.8140480504173208,1.10167619888387,0.8661589580200023,
1605908296.4972978,0.0,0.0,0.0,0.8235367840016315,1.1342874773056792,0.8968430782870924,
1605908296.700469,0.0,0.0,0.0,0.8138201153971484,1.1606389367297147,0.9179586769760015,
1605908296.9020638,0.0,0.0,0.0,0.7854964207779919,1.1588386708477953,0.9155405230872692,
1605908297.1051507,0.0,0.0,0.0,0.7900444269068132,1.153006864463128,0.877579247553377,
1605908297.3105106,0.0,0.0,0.0,0.7922649979518467,1.1482238177913844,0.8748289194711484,
1605908297.524881,0.0,0.0,0.0,0.806049347220537,1.1350578593387353,0.9091799834781231,
1605908297.7162867,0.0,0.0,0.0,0.850379182965101,1.1231414581060473,0.9112508688990878,
1605908297.9205968,0.0,0.0,0.0,0.851129981208606,1.1197496675949363,0.9031920898792334,
1605908298.1375515,0.0,0.0,0.0,0.851129981208606,1.1197496675949363,0.9181492663468492,
1605908298.3276157,0.0,0.0,0.0,0.87387440354045,1.1370023782618877,0.9311393305929722,
1605908298.5386727,0.0,0.0,0.0,0.8725781027568451,1.1652031356101709,0.9860118016621747,
1605908298.7558131,0.0,0.0,0.0,0.7978522370441654,1.163699924886059,0.976762423149383,
1605908298.956014,0.0,0.0,0.0,0.6921397767145945,1.0577700425106076,0.9258316397091937,
1605908299.1584785,0.0,0.0,0.0,0.6911077906158686,1.0264378386361876,0.9125156264899988,
1605908299.3634882,0.0,0.0,0.0,0.6919804290755214,1.02268691643074,0.9160846016225871,
1605908299.5647776,0.0,0.0,0.0,0.6949711561613162,1.0073292700371432,0.9061846017194368,
1605908299.7676785,0.0,0.0,0.0,0.7081753532483834,1.025947262744618,0.8972715642896597,
1605908299.9730587,0.0,0.0,0.0,0.7147463746031606,1.0706746604844042,0.8804522343730684,
1605908300.1780503,0.0,0.0,0.0,0.7296013605468117,1.1459837854267418,0.8601031414326076,
1605908300.3833597,0.0,0.0,0.0,0.7596358731348386,1.227369332213505,0.8637528240051614,
1605908300.597358,0.0,0.0,0.0,0.7773579741794083,1.2763021882604766,0.8996753912523849,
1605908300.79982,0.0,0.0,0.0,0.7851891749056136,1.2621710549307459,0.9031547729984517,
1605908301.0048,0.0,0.0,0.0,0.7844409661480738,1.2143985190607591,0.9195393670256928,
1605908301.2118027,0.0,0.0,0.0,0.7798879607687481,1.1791340892729782,0.9520570575293196,
1605908301.4082177,0.0,0.0,0.0,0.7717906995690258,1.1613012311924844,0.9844832861229372,
1605908301.6135876,0.0,0.0,0.0,0.7779502935433222,1.1335708958725665,0.9903439574345441,
1605908301.8169484,0.0,0.0,0.0,0.8161136756151702,1.0941970415266724,0.9627961192627028,
1605908302.0222964,0.0,0.0,0.0,0.8184848376553465,1.0571091462247377,0.9153817978801276,
1605908302.225413,0.0,0.0,0.0,0.8154050653321674,1.0292519653417507,0.875773406721266,
1605908302.4382532,0.0,0.0,0.0,0.8055869365447994,1.0235849561741315,0.8506197049377325,
1605908302.6319747,0.0,0.0,0.0,0.8194893685166543,1.1071358839138221,0.8143988513674963,
1605908302.8345504,0.0,0.0,0.0,0.8122530467790213,1.1389131994721857,0.800301250296502,
1605908303.0792623,0.0,0.0,0.0,0.800777701831832,1.1475496802670362,0.6646095648907769,
1605908303.241173,0.0,0.0,0.0,0.7848480452524129,1.1522532133403085,0.7940869184658653,
1605908303.4448473,0.0,0.0,0.0,0.8424585264188591,1.1794821104832862,0.8332167802236068,
1605908303.704216,0.0,0.0,0.0,0.8028880213402111,1.2186283567711063,0.8640044085476752,
1605908303.8497622,0.0,0.0,0.0,0.8165702119451256,1.2059475488267304,0.9055240091434346,
1605908304.0550566,0.0,0.0,0.0,0.817317046195745,1.2149052461665364,0.9326784394860906,
1605908304.2609,0.0,0.0,0.0,0.8582744436164678,1.2107828518998023,0.9988471015136635,
1605908304.462806,0.0,0.0,0.0,0.8656255754561394,1.213307212603152,1.0087039079550266,
1605908304.6641004,0.0,0.0,0.0,0.8423307381908786,1.1513018891456352,0.9503077957037712,
1605908304.8862486,0.0,0.0,0.0,0.8949695710443951,1.1977432650082305,0.9366166364803858,
1605908305.0700822,0.0,0.0,0.0,0.8821404301803223,1.185090963222216,0.8942114444325219,
1605908305.2760184,0.0,0.0,0.0,0.8536088417905352,1.1741490353237212,0.8783398224153512,
1605908305.4901278,0.0,0.0,0.0,0.8431614889951438,1.1946572075550128,0.903372285472499,
1605908305.6807806,0.0,0.0,0.0,0.8250971162136754,1.2031504206988517,0.9353409114862501,
1605908305.9740486,0.0,0.0,0.0,0.8070341272498968,1.1897325257869533,0.9250846145791644,
1605908306.0942504,0.0,0.0,0.0,0.7955757233251808,1.1690832819315267,0.8726526446246781,
1605908306.2988408,0.0,0.0,0.0,0.797534438159494,1.1770422487386543,0.837894879041191,
1605908306.5230274,0.0,0.0,0.0,0.8163792630426188,1.1830715622781136,0.8333656361267532,
1605908306.7068393,0.0,0.0,0.0,0.8292305323345263,1.1873150855117949,0.8647176557526132,
1605908306.907434,0.0,0.0,0.0,0.8489436171856174,1.209254076825431,0.9032221459069921,
