1605908276.118635,0.0,0.0,0.0,1.274960742587664,1.301981737620046,2.075135223174038,
1605908276.3050256,0.0,0.0,0.0,1.274857249970204,1.3030529506865076,2.0741716011919094,
1605908276.5160675,0.0,0.0,0.0,1.2689625073992978,1.3004699321013768,2.074495749681558,
1605908276.721045,0.0,0.0,0.0,1.2652688203113953,1.3149747598832318,2.0855209943125113,
1605908276.92525,0.0,0.0,0.0,1.2607207459903282,1.3108798110347186,2.0836457797316172,
1605908277.128125,0.0,0.0,0.0,1.255400320296574,1.3061983683367537,2.074545527059626,
1605908277.33665,0.0,0.0,0.0,1.2741948531157148,1.3074482191831565,2.083679091091889,
1605908277.5367148,0.0,0.0,0.0,1.2776783622987085,1.2939874089935435,2.07853231012274,
1605908277.739597,0.0,0.0,0.0,1.2774521516751314,1.3048465403268876,2.062786419968809,
1605908277.9410436,0.0,0.0,0.0,1.2895340820215058,1.3264159252937444,2.0646716804990723,
1605908278.1449635,0.0,0.0,0.0,1.2730859016863405,1.3258472164442374,2.061074290265266,
1605908278.3478992,0.0,0.0,0.0,1.2477801671097473,1.297426818022425,2.038822208865577,
1605908278.5485528,0.0,0.0,0.0,1.2152586651826793,1.2408220214102517,2.000434163470213,
1605908278.7537835,0.0,0.0,0.0,1.2166672696090965,1.2321634699148587,1.9963472767298953,
1605908278.9578757,0.0,0.0,0.0,1.200708655493269,1.2120936073314688,1.9754127915543989,
1605908279.1618245,0.0,0.0,0.0,1.1785331444918483,1.2061282199564278,1.9600544312625185,
1605908279.401138,0.0,0.0,0.0,1.1666364918817305,1.1985514861886646,1.940562292207916,
1605908279.5662735,0.0,0.0,0.0,1.1496338787198332,1.1770506748037768,1.9110303926108065,
1605908279.7716963,0.0,0.0,0.0,1.1340100830794562,1.165318804225001,1.8866853639235859,
1605908279.9740164,0.0,0.0,0.0,1.125066341320986,1.1610544741216058,1.875332820050025,
1605908280.1909106,0.0,0.0,0.0,1.1105763726445042,1.1392231367787244,1.8385626090572535,
1605908280.3931286,0.0,0.0,0.0,1.074820343620817,1.1092968551198643,1.7940919305432828,
1605908280.5968719,0.0,0.0,0.0,1.043395446493597,1.0847915029589448,1.7757528047221225,
1605908280.7990851,0.0,0.0,0.0,1.00345888171206,1.0440275774478973,1.6590381078651897,
1605908281.0279458,0.0,0.0,0.0,0.9937126182704789,1.0582628862250476,1.6590381078651897,
1605908281.2032535,0.0,0.0,0.0,0.9582041089355999,1.036493879947952,1.604762369460846,
1605908281.4056969,0.0,0.0,0.0,0.9111791857328365,1.0281764349961167,1.57064292734571,
1605908281.6135838,0.0,0.0,0.0,0.8680683650129917,1.0067610912781526,1.5472395307354014,
1605908281.8127353,0.0,0.0,0.0,0.828122209332513,0.952553883815654,1.5091480974148617,
1605908282.013516,0.0,0.0,0.0,0.7821207809009961,0.862901573851294,1.4376963248696788,
1605908282.246955,0.0,0.0,0.0,0.7612822164876738,0.8464507877429768,1.2986458283244697,
1605908282.4349144,0.0,0.0,0.0,0.7155369655736671,0.7969545115299217,1.2795942629222175,
1605908282.6412058,0.0,0.0,0.0,0.6625201357356267,0.767658616974744,1.2082977608587393,
1605908282.8496876,-0.00778486364974238,-0.0025923610443689582,-0.00020444974771486246,0.6012819822474096,0.7318443980246151,1.111472612577353,
1605908283.0448308,-0.01737726630421461,-0.006883083215475528,-0.00020178053921483843,0.5761044837661407,0.7182826403770757,1.111472612577353,
1605908283.2556314,-0.04555371864392293,-0.01724082359056232,-0.0003871643401810782,0.5293976781782187,0.6594289614162243,1.040917434012847,
1605908283.4690537,-0.16024095061433716,-0.04058390921995729,0.00046043220647790735,0.4246342135643175,0.6036203672753298,0.9602759836232705,
1605908283.6604967,-0.1963079752270287,-0.0414554200899802,0.0001831717466175063,0.4094114724367461,0.5601692579699551,0.8838855528450863,
1605908283.8624392,-0.29203072082251463,-0.01912868113154203,0.011504883643318703,0.34770603650192294,0.5362376235556522,0.7986049754176539,
1605908284.0698745,-0.29817727883495687,-0.006427154155238611,0.010219476910043084,0.34536819775191163,0.5151644742310847,0.7361037612452962,
1605908284.2697563,-0.3657783564618866,0.03073195071737342,0.029465862630106365,0.29698740260488643,0.4635948987024831,0.6692668978381141,
1605908284.4713156,-0.37332355980128806,0.09743754047948334,0.030892493773141468,0.2667034612811437,0.42735033225285196,0.6295694770321872,
1605908284.6925611,-0.4191045848503964,0.08735011609706164,0.02697716324796426,0.2536054205337243,0.40515796622428546,0.6218177719870719,
1605908284.879658,-0.41361298207457264,0.06350925075915899,0.0045434195741827065,0.2876138489223589,0.4106882068729736,0.6446979048729122,
1605908285.084536,-0.3249199463873954,0.01042788927087536,-0.003525468555997977,0.38993472497767867,0.4227985335443974,0.7077590788139737,
1605908285.3060508,-0.27496768708636554,0.02230469307916555,0.00986200171369544,0.4290488041177179,0.4412119950879575,0.6698742732773825,
1605908285.495213,-0.15938042593431334,0.03957146247772332,0.0077418897716723094,0.48928263427993046,0.48838189080201944,0.6507196083981953,
1605908285.7372386,-0.16557809306076868,0.11580426531088069,0.05555630261981333,0.394789377138487,0.5827169431463729,0.6177426747586953,
1605908285.909893,-0.1282252783930859,0.20963608911761122,0.10971459518717752,0.33443365473460623,0.6392948941023605,0.6765960598539974,
1605908286.1054842,0.028516378053787515,0.2363713265326157,0.13340928045062736,0.3266225545252262,0.6531847530130086,0.865434950387385,
1605908286.3112116,0.12047384273538293,0.1193825795809576,0.08251495590515395,0.3907312527831718,0.616107264488022,0.8715536634455728,
1605908286.5220652,0.02943631043897483,0.015781413994827163,0.014936950736063003,0.5136165690385791,0.5636736285861405,1.0067224618387896,
1605908286.7172577,-0.05748744727323224,0.0073908895649673,-0.01230255804104526,0.6473925573008495,0.5153628984131543,1.1379994852990458,
1605908286.9234276,-0.04594651037868211,0.02473288532940841,-0.005883457936478122,0.6810114049761251,0.524310716220851,1.2883768435635257,
1605908287.135185,-0.0005526001409674692,0.0007530569648593589,3.452117007276349e-05,0.8051869031023248,0.633656273150207,1.375662736933351,
1605908287.3308904,0.0,0.0,0.0,0.884677408072299,0.6759751619735876,1.4129701489397126,
1605908287.5315807,0.0,0.0,0.0,0.931910392319348,0.864144912432595,1.3894032295515826,
1605908287.7705426,0.0,0.0,0.0,0.8974234652690966,0.9648493370584512,1.3321822786242428,
1605908287.9417264,0.0,0.0,0.0,0.8722699050372223,0.9618107284622486,1.2589545213818933,
1605908288.147097,0.0,0.0,0.0,0.8156649036920445,0.9966316929942821,1.2673616916831207,
1605908288.4080412,0.0,0.0,0.0,0.7617356266717,0.9584895285769702,1.2134757993095968,
1605908288.5534902,0.0,0.0,0.0,0.7647569091417448,0.9710584024785625,1.2300455069559209,
1605908288.7643998,0.0,0.0,0.0,0.7771094769899413,0.9718609453847,1.23824746908162,
1605908288.9693356,0.0,0.0,0.0,0.7636232289822367,0.9323810258107171,1.181450038887934,
1605908289.172036,0.0,0.0,0.0,0.7699994227924929,0.9078462006244723,1.157427419162206,
1605908289.3771472,0.0,0.0,0.0,0.7700365214388825,0.9083305966294224,1.1565075120270023,
1605908289.582577,0.0,0.0,0.0,0.7812711916063502,0.9057798191789128,1.1770295106385424,
1605908289.787152,0.0,0.0,0.0,0.781960329339069,0.8932568772346062,1.2005865357263872,
1605908289.987794,0.0,0.0,0.0,0.7768878672844063,0.8704990748578283,1.2057441035296226,
1605908290.2111614,0.0,0.0,0.0,0.7644981057920991,0.8510831978221689,1.1903174263667664,
1605908290.40979,0.0,0.0,0.0,0.773405001424311,0.8556533762322073,1.1857858397283942,
1605908290.615233,0.0,0.0,0.0,0.7820534011697616,0.8703389368786842,1.1815093298217376,
1605908290.8188326,0.0,0.0,0.0,0.7863140832003962,0.8749990132443684,1.1784815473151493,
1605908291.0361917,0.0,0.0,0.0,0.7851792284719035,0.8820000254110484,1.185060645421712,
1605908291.236408,0.0,0.0,0.0,0.7902949199818481,0.8899569695259635,1.1885620979970637,
1605908291.4418046,0.0,0.0,0.0,0.803837217976653,0.8989339414072303,1.1945161906039257,
1605908291.6450148,0.0,0.0,0.0,0.8100876143007427,0.9006254077726987,1.2022687956850262,
1605908291.8503535,0.0,0.0,0.0,0.8114702280144234,0.8966790803448288,1.2053842396281873,
1605908292.0513024,0.0,0.0,0.0,0.8036611936104324,0.9057527457394187,1.2114299973776956,
1605908292.257424,0.0,0.0,0.0,0.8145386869834323,0.9195714322461012,1.2103008549600105,
1605908292.4627023,0.0,0.0,0.0,0.8175197127422924,0.9195403683532818,1.2065394975887722,
1605908292.6660485,0.0,0.0,0.0,0.8547045892878236,0.9027996352616151,1.2037623932367556,
1605908292.871988,0.0,0.0,0.0,0.8555106297000069,0.9037795697090775,1.2014943667822193,
1605908293.0968282,0.0,0.0,0.0,0.861519315470352,0.9059758220508695,1.2273093035849068,
1605908293.287207,0.0,0.0,0.0,0.877556311309097,0.869594990533972,1.2262558678432558,
1605908293.4873285,0.0,0.0,0.0,0.849485692737585,0.8613811951409631,1.1906335068754739,
1605908293.6905327,0.0,0.0,0.0,0.875421222066843,0.8644879345021084,1.1942484286019743,
1605908293.9177053,0.0,0.0,0.0,0.8414832324622079,0.875916617961207,1.2032776924209119,
1605908294.1344352,0.0,0.0,0.0,0.7841239506601104,0.8701301971521164,1.1758059052927634,
1605908294.304931,0.0,0.0,0.0,0.767808518167404,0.8741540555119711,1.2038562037361458,
1605908294.5154598,0.0,0.0,0.0,0.7493919932912952,0.8923649647476228,1.2077924172871135,
1605908294.7808561,0.0,0.0,0.0,0.7450206223322512,0.8939737907998498,1.1382965299308085,
1605908294.9161706,0.0,0.0,0.0,0.7481205535188171,0.9202891446970061,1.1351362191556824,
1605908295.1215076,0.0,0.0,0.0,0.7770156682471259,0.9123980919209175,1.1519919052237801,
1605908295.3407178,0.0,0.0,0.0,0.7743834060169431,0.9110479816442713,1.1555278597365846,
1605908295.5428782,0.0,0.0,0.0,0.7843467920621991,0.906142534250759,1.1674190507124875,
1605908295.759375,0.0,0.0,0.0,0.8010890226461876,0.8941773620356726,1.1737988230994367,
1605908295.9533532,0.0,0.0,0.0,0.8105107899969266,0.8940243810142008,1.1802638130212364,
1605908296.15494,0.0,0.0,0.0,0.8140480504173208,0.9196516668159147,1.2145395426712753,
1605908296.3628922,0.0,0.0,0.0,0.8248569686364708,0.9241443557887447,1.2477694574394458,
1605908296.5633588,0.0,0.0,0.0,0.8219895173057017,0.9274154510789745,1.2290123035274207,
1605908296.7686942,0.0,0.0,0.0,0.8065359201512192,0.9136155945772922,1.2263295922469746,
1605908296.9746614,0.0,0.0,0.0,0.7854964207779919,0.9280675677613187,1.2365178180182377,
1605908297.1748385,0.0,0.0,0.0,0.79216054617419,0.905521762640865,1.2081501954578768,
1605908297.3792064,0.0,0.0,0.0,0.8105265352064229,0.9066727590596904,1.2094595238600045,
1605908297.5916655,0.0,0.0,0.0,0.837245570652724,0.8990356055378637,1.217213882197692,
1605908297.7808485,0.0,0.0,0.0,0.850379182965101,0.8874255924736573,1.1910662198070714,
1605908297.9840894,0.0,0.0,0.0,0.851129981208606,0.8926458122692215,1.2113112811884432,
1605908298.187968,0.0,0.0,0.0,0.901065401693361,0.8919433705457628,1.196946959652724,
1605908298.3882813,0.0,0.0,0.0,0.87387440354045,0.9170229114901415,1.1775380601569059,
1605908298.5939095,0.0,0.0,0.0,0.8725781027568451,0.9117491480808633,1.123515089123555,
1605908298.8106618,0.0,0.0,0.0,0.8701750099458828,0.8856746903251449,1.138126595383167,
1605908298.9992115,0.0,0.0,0.0,0.7695773177618961,0.8783279130805277,1.1411837463315315,
1605908299.2022452,0.0,0.0,0.0,0.7665831807711253,0.8790858986603515,1.1656186563755122,
1605908299.4247637,0.0,0.0,0.0,0.6919804290755214,0.8708633696660343,1.138103786066402,
1605908299.6239314,0.0,0.0,0.0,0.7594192816050149,0.8632464705467097,1.1490991367210033,
1605908299.8246524,0.0,0.0,0.0,0.7081753532483834,0.8565760740915915,1.142275219399606,
1605908300.0702486,0.0,0.0,0.0,0.7147463746031606,0.8856306575034554,1.1160798871778594,
1605908300.230367,0.0,0.0,0.0,0.7296013605468117,0.9141376240769606,1.0883579308895768,
1605908300.4444432,0.0,0.0,0.0,0.8005866686460625,1.0006060046085137,1.1643539311855309,
1605908300.6581702,0.0,0.0,0.0,0.8113186674461582,0.9908610714588189,1.1792561721953483,
1605908300.8526917,0.0,0.0,0.0,0.7606915102832262,0.9365718872592647,1.169660813603252,
1605908301.056665,0.0,0.0,0.0,0.7798879607687481,0.9042288467818657,1.2064420414174728,
1605908301.27194,0.0,0.0,0.0,0.7853662850121225,0.8506196412385243,1.1999618418653437,
1605908301.4634626,0.0,0.0,0.0,0.7779502935433222,0.7913008951769632,1.2336032314928072,
1605908301.6680539,0.0,0.0,0.0,0.7959387274842187,0.72275073766175,1.1664563196636757,
1605908301.8734722,0.0,0.0,0.0,0.8553121704974543,0.6568690190524066,1.1654000027537392,
1605908302.0762947,0.0,0.0,0.0,0.8184848376553465,0.7232792010059378,1.1827781092264258,
1605908302.2789934,0.0,0.0,0.0,0.8154050653321674,0.8123514062233566,1.1944034435857844,
1605908302.5339975,0.0,0.0,0.0,0.8055869365447994,0.9225735499211143,1.2087852170985671,
1605908302.684732,0.0,0.0,0.0,0.8194893685166543,1.0414243774533236,1.2178778952618987,
1605908302.8899884,0.0,0.0,0.0,0.8763144186255869,1.1062891438576612,1.312087124229183,
1605908303.0955348,0.0,0.0,0.0,0.8530860108991546,1.0740543262956883,1.1523577665068918,
1605908303.2995715,0.0,0.0,0.0,0.8364637521465327,1.0187624787443308,1.237165293767047,
1605908303.5057464,0.0,0.0,0.0,0.8424585264188591,0.9709672381829669,1.2290609248310902,
1605908303.7157028,0.0,0.0,0.0,0.8486209527091219,1.000924114789662,1.1983101261243694,
1605908303.9330063,0.0,0.0,0.0,0.8551586689990823,0.9159915526894631,1.2152067628900913,
1605908304.11675,0.0,0.0,0.0,0.8279535243667056,0.8994093597732715,1.2361692069629018,
1605908304.3333519,0.0,0.0,0.0,0.8855411740547962,0.8753783181136952,1.248523355957225,
1605908304.524129,0.0,0.0,0.0,0.8866176890138417,0.8485952118059453,1.2408187876199228,
1605908304.7266943,0.0,0.0,0.0,0.8423307381908786,0.8513267446570953,1.2101979838400736,
1605908304.934782,0.0,0.0,0.0,0.8821404301803223,0.8919076319360084,1.2527183166667137,
1605908305.1303651,0.0,0.0,0.0,0.8653868554613682,0.9242857443505171,1.254747201268404,
1605908305.3556373,0.0,0.0,0.0,0.8382858039334002,0.9031713330868911,1.2524157704204213,
1605908305.5366762,0.0,0.0,0.0,0.8008974655191098,0.8986976826691794,1.2247537281022611,
1605908305.762572,0.0,0.0,0.0,0.8250971162136754,0.8744727605471923,1.2449900000007466,
1605908305.944049,0.0,0.0,0.0,0.7733537026586389,0.8603128710771376,1.210884011020764,
1605908306.1524034,0.0,0.0,0.0,0.7733537026586389,0.8806443306784114,1.2212532014870583,
1605908306.3523643,0.0,0.0,0.0,0.797534438159494,0.9172338690296021,1.2136205944269438,
1605908306.5839748,0.0,0.0,0.0,0.8163792630426188,0.9241420118354425,1.2193951676145902,
1605908306.7669942,0.0,0.0,0.0,0.8292305323345263,0.9286367270796815,1.2275350286209488,
1605908306.9705725,0.0,0.0,0.0,0.8419833250792531,0.9366638763272971,1.2404479660995484,
