1605908276.1863647,-0.30374419689178467,0.013835413381457329,0.5424885153770447
1605908276.3872538,-0.30374419689178467,0.013835413381457329,0.5424885153770447
1605908276.5896995,-0.2927725315093994,0.021176455542445183,0.5514885187149048
1605908276.7903495,-0.28727805614471436,0.02171534299850464,0.5448855757713318
1605908277.0077536,-0.2948778569698334,0.028217043727636337,0.539038360118866
1605908277.2112598,-0.30954259634017944,0.017646273598074913,0.5326915383338928
1605908277.4142542,-0.3268875777721405,0.010492886416614056,0.5402935743331909
1605908277.6193016,-0.3268875777721405,0.010492886416614056,0.5402935743331909
1605908277.8236172,-0.3290557265281677,0.032453980296850204,0.5407936573028564
1605908278.0290046,-0.32580137252807617,0.03467053174972534,0.5316058993339539
1605908278.23279,-0.3156595230102539,0.021340349689126015,0.5333622694015503
1605908278.4341102,-0.30804234743118286,-0.006176581606268883,0.5354893803596497
1605908278.6393013,-0.30811426043510437,-0.014911066740751266,0.5253084301948547
1605908278.8795469,-0.30728480219841003,-0.021688522771000862,0.5145542025566101
1605908279.0452518,-0.3068538308143616,-0.01824984885752201,0.5182702541351318
1605908279.2503183,-0.31597504019737244,-0.02258654311299324,0.5236015915870667
1605908279.4621325,-0.32555246353149414,-0.030527988448739052,0.5269843339920044
1605908279.6631744,-0.32507753372192383,-0.035861413925886154,0.5284998416900635
1605908279.8634534,-0.3216768205165863,-0.046630583703517914,0.5205456614494324
1605908280.0745168,-0.3173729181289673,-0.06448982656002045,0.507853090763092
1605908280.2784176,-0.31686198711395264,-0.07209155708551407,0.5041677951812744
1605908280.4837186,-0.30642732977867126,-0.07885699719190598,0.511187732219696
1605908280.6868408,-0.2876168489456177,-0.07652423530817032,0.5157473683357239
1605908280.8920975,-0.27636173367500305,-0.06660332530736923,0.5155986547470093
1605908281.1974118,-0.27636173367500305,-0.06660332530736923,0.5155986547470093
1605908281.3070931,-0.27536702156066895,-0.060272663831710815,0.5128591656684875
1605908281.5128868,-0.27536702156066895,-0.060272663831710815,0.5128591656684875
1605908281.7181509,-0.3094007968902588,-0.08777868002653122,0.4987182319164276
1605908281.9236379,-0.3124386966228485,-0.13033410906791687,0.5019394159317017
1605908282.1254988,-0.29729047417640686,-0.15861181914806366,0.49724626541137695
1605908282.3287826,-0.27701854705810547,-0.1765296757221222,0.4896000325679779
1605908282.534001,-0.27701854705810547,-0.1765296757221222,0.4896000325679779
1605908282.7394278,-0.26968902349472046,-0.19613990187644958,0.48438867926597595
1605908282.9482887,-0.27990907430648804,-0.2045297473669052,0.4778798818588257
1605908283.1536598,-0.27990907430648804,-0.2045297473669052,0.4778798818588257
1605908283.3543496,-0.30184516310691833,-0.2394387423992157,0.47386273741722107
1605908283.5583262,-0.32469913363456726,-0.233273446559906,0.46079227328300476
1605908283.786673,-0.32469913363456726,-0.233273446559906,0.46079227328300476
1605908283.9741542,-0.4065287411212921,-0.14242781698703766,0.4671730697154999
1605908284.1761398,-0.4438314735889435,-0.12840060889720917,0.49066561460494995
1605908284.3814871,-0.46330583095550537,-0.12235897779464722,0.508266806602478
1605908284.5868077,-0.4693382978439331,-0.12801498174667358,0.4965187609195709
1605908284.7916813,-0.4628109037876129,-0.13166667520999908,0.4781414866447449
1605908284.9962573,-0.45494183897972107,-0.1599971055984497,0.46312394738197327
1605908285.201564,-0.4378714859485626,-0.20537003874778748,0.45593875646591187
1605908285.4126093,-0.41175392270088196,-0.2524998188018799,0.4626239240169525
1605908285.616215,-0.3775685727596283,-0.2845693528652191,0.4703516960144043
1605908285.8199236,-0.3521105945110321,-0.29783183336257935,0.47434836626052856
1605908286.0214539,-0.3165346384048462,-0.28036946058273315,0.4689676761627197
1605908286.2231483,-0.30566051602363586,-0.21680842339992523,0.4857933521270752
1605908286.4334803,-0.30647969245910645,-0.13532598316669464,0.5213884115219116
1605908286.666416,-0.3022422790527344,-0.06664401292800903,0.5508480668067932
1605908286.8441355,-0.25672873854637146,-0.04549124464392662,0.5507377982139587
1605908287.0493865,-0.20265266299247742,-0.1313519924879074,0.5125418901443481
1605908287.3137376,-0.19369067251682281,-0.2854273021221161,0.4575905203819275
1605908287.4578068,-0.23826433718204498,-0.4659428894519806,0.41340044140815735
1605908287.6602342,-0.2956095337867737,-0.6051896214485168,0.4003872573375702
1605908287.8715425,-0.3273027241230011,-0.680689811706543,0.40610629320144653
1605908288.0741277,-0.3204772472381592,-0.7151815295219421,0.4139217436313629
1605908288.2794862,-0.33501705527305603,-0.7438744902610779,0.4126869738101959
1605908288.4842222,-0.3608265221118927,-0.7387805581092834,0.4024549126625061
1605908288.6895397,-0.3811325132846832,-0.7231255769729614,0.3970094919204712
1605908288.8960252,-0.39421728253364563,-0.7163240313529968,0.4077661335468292
1605908289.1477425,-0.39421728253364563,-0.7163240313529968,0.4077661335468292
1605908289.3004887,-0.4013621509075165,-0.7262768149375916,0.4042424261569977
1605908289.5058446,-0.40294966101646423,-0.7173511385917664,0.39723098278045654
1605908289.716704,-0.4050908088684082,-0.6908962726593018,0.38953566551208496
1605908289.917379,-0.39997556805610657,-0.6635385751724243,0.39348548650741577
1605908290.1220043,-0.39729928970336914,-0.6539924740791321,0.3956996500492096
1605908290.3392653,-0.3949156403541565,-0.6674389839172363,0.39155054092407227
1605908290.5446393,-0.39712750911712646,-0.6897585391998291,0.39030787348747253
1605908290.7491224,-0.4067332148551941,-0.7020497918128967,0.3899526000022888
1605908290.95982,-0.41965699195861816,-0.701900064945221,0.3931547999382019
1605908291.1750774,-0.42042189836502075,-0.6991006135940552,0.3957425653934479
1605908291.376773,-0.40897849202156067,-0.7001474499702454,0.40000778436660767
1605908291.5783334,-0.39462023973464966,-0.6937049627304077,0.39560291171073914
1605908291.7846382,-0.3911433517932892,-0.6907155513763428,0.39791929721832275
1605908291.9910052,-0.39012065529823303,-0.6973780989646912,0.39019450545310974
1605908292.1962686,-0.3952307105064392,-0.7083837985992432,0.38844871520996094
1605908292.3982143,-0.38922324776649475,-0.7108486890792847,0.3909640312194824
1605908292.5994515,-0.38922324776649475,-0.7108486890792847,0.3909640312194824
1605908292.810732,-0.36513322591781616,-0.6978499293327332,0.39885181188583374
1605908293.0212662,-0.3293062448501587,-0.6800028085708618,0.4037272334098816
1605908293.2232552,-0.2922927439212799,-0.6726129055023193,0.40204769372940063
1605908293.428461,-0.2596014142036438,-0.6801682114601135,0.4046590328216553
1605908293.6311636,-0.23171396553516388,-0.6844534873962402,0.3983484208583832
1605908293.8337963,-0.20459142327308655,-0.6858123540878296,0.3968880772590637
1605908294.0368085,-0.166102796792984,-0.6857908368110657,0.39521870017051697
1605908294.2393374,-0.11921639740467072,-0.6899322867393494,0.3962818682193756
1605908294.4439266,-0.026122527197003365,-0.7116124033927917,0.3946586847305298
1605908294.6444829,-0.026122527197003365,-0.7116124033927917,0.3946586847305298
1605908294.8498762,0.016944343224167824,-0.7242379784584045,0.40072864294052124
1605908295.0546172,0.09643206745386124,-0.7373455762863159,0.402178019285202
1605908295.2573051,0.13441085815429688,-0.731227695941925,0.39623868465423584
1605908295.4604838,0.17130786180496216,-0.7174425721168518,0.39382028579711914
1605908295.6613429,0.2050182819366455,-0.7021992802619934,0.3942039906978607
1605908295.8653567,0.2333621233701706,-0.7026123404502869,0.39788880944252014
1605908296.0661807,0.25268664956092834,-0.7247301936149597,0.4057341516017914
1605908296.2715719,0.25268664956092834,-0.7247301936149597,0.4057341516017914
1605908296.4758763,0.2833350598812103,-0.7795943021774292,0.4237081706523895
1605908296.7167187,0.2833350598812103,-0.7795943021774292,0.4237081706523895
1605908296.9183662,0.3008878827095032,-0.7954801321029663,0.44020095467567444
1605908297.1237502,0.31352415680885315,-0.8094214797019958,0.4614669382572174
1605908297.3278718,0.31778815388679504,-0.8357923030853271,0.4865638017654419
1605908297.5304863,0.3127211928367615,-0.8694562911987305,0.5127506852149963
1605908297.732063,0.3205394446849823,-0.8967223167419434,0.5283789038658142
1605908297.9364634,0.348300576210022,-0.9214004874229431,0.5377686619758606
1605908298.1380606,0.348300576210022,-0.9214004874229431,0.5377686619758606
1605908298.3393776,0.4598183333873749,-0.9618157744407654,0.5492045283317566
1605908298.5447574,0.5178719758987427,-0.9685378074645996,0.5570755004882812
1605908298.7786083,0.5178719758987427,-0.9685378074645996,0.5570755004882812
1605908298.9555006,0.5790078043937683,-0.9801280498504639,0.5527948141098022
1605908299.1582,0.6455617547035217,-0.982313871383667,0.545328676700592
1605908299.3693285,0.7084695100784302,-0.9889513254165649,0.5422910451889038
1605908299.580574,0.7661913633346558,-0.9821279644966125,0.5314894914627075
1605908299.7847824,0.9106220602989197,-0.9918105006217957,0.5227177143096924
1605908299.987157,0.9850879311561584,-1.016878366470337,0.5237832069396973
1605908300.188186,1.0641175508499146,-1.0297696590423584,0.5174094438552856
1605908300.3932467,1.1311262845993042,-1.0274828672409058,0.5000674724578857
1605908300.5969718,1.1928954124450684,-0.9827592968940735,0.4720498025417328
1605908300.7993903,1.2316094636917114,-0.9302977323532104,0.45251163840293884
1605908301.0102086,1.261562466621399,-0.8871381878852844,0.4390668570995331
1605908301.2120073,1.27672278881073,-0.8754596710205078,0.43409618735313416
1605908301.4172,1.2825137376785278,-0.8893025517463684,0.44242626428604126
1605908301.619913,1.2857451438903809,-0.9134937524795532,0.44921281933784485
1605908301.8231492,1.2920504808425903,-0.9550570249557495,0.46527549624443054
1605908302.028535,1.2968562841415405,-1.0262911319732666,0.49371859431266785
1605908302.2339423,1.2992690801620483,-1.1154967546463013,0.5208264589309692
1605908302.4516003,1.3145017623901367,-1.1876802444458008,0.5413870215415955
1605908302.6743436,1.4298757314682007,-1.2532333135604858,0.5700778961181641
1605908302.8776472,1.5866104364395142,-1.1529661417007446,0.5308838486671448
1605908303.0794842,1.644673228263855,-1.0418789386749268,0.49038830399513245
1605908303.2835464,1.691434621810913,-0.9110090136528015,0.4441326856613159
1605908303.4843829,1.7365832328796387,-0.800998866558075,0.40995147824287415
1605908303.6875637,1.7365832328796387,-0.800998866558075,0.40995147824287415
1605908303.892975,1.8404629230499268,-0.7019544243812561,0.39734235405921936
1605908304.095738,1.8709744215011597,-0.6799322366714478,0.3938939571380615
1605908304.2962964,1.892081379890442,-0.6637105941772461,0.3971143066883087
1605908304.5001645,1.914667010307312,-0.6551189422607422,0.3940085470676422
1605908304.7044003,1.9411394596099854,-0.6611568927764893,0.398633748292923
1605908304.908414,1.9898982048034668,-0.6801181435585022,0.4025610387325287
1605908305.1111846,2.0401294231414795,-0.6916444897651672,0.40381211042404175
1605908305.3330054,2.083758592605591,-0.6549038290977478,0.3819524347782135
1605908305.5357184,2.0701682567596436,-0.6305902600288391,0.3739847242832184
1605908305.7467036,2.0511510372161865,-0.6241670846939087,0.37667641043663025
1605908305.9520953,2.0511510372161865,-0.6241670846939087,0.37667641043663025
1605908306.1523192,2.0079240798950195,-0.68455970287323,0.39664527773857117
1605908306.3625417,1.9805986881256104,-0.69603031873703,0.39656656980514526
1605908306.5737786,1.9539597034454346,-0.7042354941368103,0.39603108167648315
1605908306.778225,1.9285624027252197,-0.7096638679504395,0.39859575033187866
1605908306.9816194,1.9157438278198242,-0.7292554378509521,0.4009740650653839
1605908307.1834526,1.928820013999939,-0.7051616907119751,0.39786121249198914
