1605908275.5294995,1.7262444496154785,-0.08151160180568695,0.6615645885467529
1605908275.7441356,1.7306766510009766,-0.07882948219776154,0.6591139435768127
1605908275.938051,1.7315077781677246,-0.07372907549142838,0.6490914821624756
1605908276.1425533,1.7300024032592773,-0.07346178591251373,0.6271137595176697
1605908276.3452973,1.732681155204773,-0.0743960365653038,0.6096794009208679
1605908276.5481122,1.7316704988479614,-0.07143166661262512,0.6006128191947937
1605908276.7495277,1.7333154678344727,-0.07611794769763947,0.5993980765342712
1605908276.952169,1.7371941804885864,-0.07331586629152298,0.5960618257522583
1605908277.1537697,1.7281066179275513,-0.0788213387131691,0.6003756523132324
1605908277.3747802,1.7196521759033203,-0.07877954095602036,0.5861112475395203
1605908277.5810735,1.7203458547592163,-0.07449683547019958,0.5808486938476562
1605908277.7847104,1.7173128128051758,-0.06467774510383606,0.580906331539154
1605908277.9880326,1.7126187086105347,-0.06717894226312637,0.5778886079788208
1605908278.2098074,1.7028498649597168,-0.07388350367546082,0.5800487399101257
1605908278.4000616,1.6919856071472168,-0.07410609722137451,0.5663116574287415
1605908278.602409,1.67854642868042,-0.06680039316415787,0.5597115755081177
1605908278.805777,1.6677883863449097,-0.0579441674053669,0.5585564970970154
1605908279.008009,1.650039553642273,-0.05294343829154968,0.5580337643623352
1605908279.2119207,1.6288763284683228,-0.04509828984737396,0.5535618662834167
1605908279.413446,1.602506160736084,-0.041410401463508606,0.5500730872154236
1605908279.6141176,1.5832949876785278,-0.03856472298502922,0.5441868901252747
1605908279.8252742,1.5715923309326172,-0.030316278338432312,0.5384511351585388
1605908280.0435638,1.5698752403259277,-0.0362863652408123,0.5368923544883728
1605908280.232608,1.5560646057128906,-0.02893901988863945,0.5367794632911682
1605908280.4375389,1.5433183908462524,-0.032835472375154495,0.52680504322052
1605908280.6424584,1.53250253200531,-0.032521236687898636,0.522095799446106
1605908280.84776,1.5196963548660278,-0.032641079276800156,0.5215352773666382
1605908281.0513475,1.5047543048858643,-0.035328950732946396,0.5202004313468933
1605908281.2696474,1.480448603630066,-0.020076313987374306,0.5122637152671814
1605908281.4556198,1.4366925954818726,0.004698202945291996,0.4939316213130951
1605908281.6610186,1.4366925954818726,0.004698202945291996,0.4939316213130951
1605908281.8630402,1.3797169923782349,0.026538217440247536,0.4914684593677521
1605908282.068873,1.3560783863067627,0.024900071322917938,0.49148625135421753
1605908282.279809,1.326833724975586,0.031291913241147995,0.4864439070224762
1605908282.4857633,1.2988264560699463,0.046394068747758865,0.48357293009757996
1605908282.6911738,1.2651489973068237,0.05589978024363518,0.47201719880104065
1605908282.896321,1.2371691465377808,0.07104258984327316,0.4567562937736511
1605908283.1008277,1.206992506980896,0.07429476082324982,0.4494610130786896
1605908283.3024054,1.1662341356277466,0.07713428884744644,0.4442543387413025
1605908283.507207,1.1355006694793701,0.08780854195356369,0.4437723457813263
1605908283.7080672,1.099266529083252,0.09544509649276733,0.43957826495170593
1605908283.911291,1.0680773258209229,0.10754979401826859,0.4295700192451477
1605908284.113297,1.0329731702804565,0.12156165391206741,0.416745126247406
1605908284.3142562,1.0011920928955078,0.1353844404220581,0.411615252494812
1605908284.5155623,0.9620259404182434,0.13861189782619476,0.40892577171325684
1605908284.7202253,0.9249312281608582,0.14120392501354218,0.4068957567214966
1605908284.922986,0.8841391205787659,0.14751172065734863,0.3997059762477875
1605908285.1291676,0.8437093496322632,0.16078758239746094,0.38796156644821167
1605908285.3342164,0.7996849417686462,0.18270476162433624,0.377140611410141
1605908285.5373504,0.7538927793502808,0.20388709008693695,0.37107032537460327
1605908285.7426343,0.7148283123970032,0.2202281653881073,0.3577301800251007
1605908285.9481027,0.6764822602272034,0.22744274139404297,0.3533933460712433
1605908286.154537,0.6379971504211426,0.231399267911911,0.3510724604129791
1605908286.3598764,0.6126801371574402,0.23883989453315735,0.34307730197906494
1605908286.5611765,0.6043144464492798,0.25240951776504517,0.3344267010688782
1605908286.7618842,0.6050534844398499,0.2578440010547638,0.33217257261276245
1605908286.977391,0.61001056432724,0.2605948746204376,0.33064594864845276
1605908287.1980555,0.6120675802230835,0.26445135474205017,0.33603158593177795
1605908287.3989217,0.6098074316978455,0.27576810121536255,0.33559101819992065
1605908287.6143467,0.6098541617393494,0.28686583042144775,0.33513543009757996
1605908287.8196683,0.6146477460861206,0.2962726056575775,0.3355177044868469
1605908288.022568,0.6196007132530212,0.2996360957622528,0.3357619345188141
1605908288.223803,0.6211354732513428,0.2993982434272766,0.3410781919956207
1605908288.424684,0.6099951267242432,0.27716195583343506,0.33961352705955505
1605908288.6456308,0.6039360761642456,0.2632683217525482,0.34861040115356445
1605908288.8500967,0.6069422364234924,0.24665012955665588,0.3550432324409485
1605908289.0509849,0.6097338199615479,0.22839373350143433,0.3552742600440979
1605908289.2532034,0.5974090099334717,0.22892031073570251,0.3445594608783722
1605908289.4537838,0.5858568549156189,0.2497347891330719,0.3471205532550812
1605908289.656365,0.5858568549156189,0.2497347891330719,0.3471205532550812
1605908289.8583634,0.6021679043769836,0.24482010304927826,0.3422904312610626
1605908290.0616012,0.6147348284721375,0.22590160369873047,0.36059167981147766
1605908290.2663238,0.607659637928009,0.23270246386528015,0.36197590827941895
1605908290.4691844,0.6004659533500671,0.2450956255197525,0.35891401767730713
1605908290.67485,0.5973078608512878,0.2534448504447937,0.3489530682563782
1605908290.8800583,0.6032398343086243,0.2567508816719055,0.3472883999347687
1605908291.086206,0.6064629554748535,0.25441229343414307,0.35090065002441406
1605908291.2873747,0.6072709560394287,0.25673913955688477,0.34636569023132324
1605908291.4914598,0.6064851880073547,0.26158207654953003,0.3482023775577545
1605908291.6968513,0.6068979501724243,0.26921194791793823,0.34987902641296387
1605908291.899764,0.6086922287940979,0.27016812562942505,0.3497299253940582
1605908292.100051,0.6090782284736633,0.26289770007133484,0.3470042645931244
1605908292.3115807,0.6057559251785278,0.25229591131210327,0.34956878423690796
1605908292.5169744,0.6044346690177917,0.24854527413845062,0.35004472732543945
1605908292.7193797,0.6033315062522888,0.2489081621170044,0.34355103969573975
1605908292.9203997,0.6014329791069031,0.25241801142692566,0.33629342913627625
1605908293.131368,0.5962136387825012,0.25069111585617065,0.34053802490234375
1605908293.3366663,0.5980640649795532,0.2513183057308197,0.345950722694397
1605908293.5472174,0.6020546555519104,0.25400108098983765,0.3455379009246826
1605908293.7507424,0.6084561944007874,0.25216057896614075,0.3461044728755951
1605908293.9528582,0.6084562540054321,0.2533608078956604,0.34964457154273987
1605908294.1576977,0.6063995361328125,0.2552245557308197,0.35016128420829773
1605908294.3874178,0.606760561466217,0.26197654008865356,0.3521929979324341
1605908294.58815,0.6094374656677246,0.26966241002082825,0.3553134500980377
1605908294.792142,0.6108250021934509,0.27409714460372925,0.3503522276878357
1605908294.992964,0.6062728762626648,0.2804736793041229,0.33632636070251465
1605908295.1953483,0.6019161343574524,0.2818402945995331,0.3353683650493622
1605908295.4003994,0.5946354866027832,0.2711893916130066,0.33465152978897095
1605908295.6054106,0.5793190598487854,0.24654646217823029,0.33072659373283386
1605908295.810827,0.5681030750274658,0.22891634702682495,0.3288530111312866
1605908296.0124495,0.5685986280441284,0.22749455273151398,0.3366168439388275
1605908296.2158785,0.5768935084342957,0.23293285071849823,0.3382377028465271
1605908296.44256,0.5919185280799866,0.2369239181280136,0.3349590301513672
1605908296.6441374,0.5913769006729126,0.22856391966342926,0.3334861397743225
1605908296.8553336,0.5824263095855713,0.223045215010643,0.333403617143631
1605908297.0612135,0.5761789083480835,0.23085357248783112,0.3389478623867035
1605908297.2726989,0.5749256014823914,0.242706298828125,0.3401608169078827
1605908297.474053,0.5909527540206909,0.2558344304561615,0.33862578868865967
1605908297.679147,0.6046790480613708,0.25603923201560974,0.3402825891971588
1605908297.8844962,0.6046790480613708,0.25603923201560974,0.3402825891971588
1605908298.0894094,0.6155110597610474,0.24641674757003784,0.34253838658332825
1605908298.2948036,0.6148408651351929,0.24654699862003326,0.34193477034568787
1605908298.500011,0.6148408651351929,0.24654699862003326,0.34193477034568787
1605908298.7021701,0.6108753085136414,0.25349903106689453,0.3528551161289215
1605908298.9033208,0.6103813052177429,0.25059717893600464,0.3557293713092804
1605908299.1052089,0.608659029006958,0.24981319904327393,0.35409748554229736
1605908299.3086953,0.6095181703567505,0.2536103427410126,0.35162684321403503
1605908299.5114496,0.6128383278846741,0.2601976990699768,0.3485206663608551
1605908299.7116706,0.611610472202301,0.2679368853569031,0.3456175625324249
1605908299.9126575,0.5988025069236755,0.2562182545661926,0.3447480797767639
1605908300.117155,0.5794247388839722,0.236389622092247,0.3529139757156372
1605908300.3220828,0.5798441171646118,0.21904070675373077,0.36077752709388733
1605908300.5264769,0.587611734867096,0.21507899463176727,0.3582009971141815
1605908300.7296526,0.586732029914856,0.2192882001399994,0.3492160737514496
1605908300.9350202,0.5672585368156433,0.24862828850746155,0.32709822058677673
1605908301.136239,0.5465327501296997,0.27256304025650024,0.3052990138530731
1605908301.341614,0.5404561758041382,0.28584548830986023,0.2921922206878662
1605908301.5450656,0.539818525314331,0.29418233036994934,0.28105059266090393
1605908301.75043,0.5308418273925781,0.3006035089492798,0.26816436648368835
1605908301.9555044,0.5190432071685791,0.3037254512310028,0.2524689733982086
1605908302.1599176,0.49588921666145325,0.31768080592155457,0.23969566822052002
1605908302.3608425,0.46929651498794556,0.3372240662574768,0.22942452132701874
1605908302.5691993,0.4588645100593567,0.3517811596393585,0.22926314175128937
1605908302.777468,0.4675593674182892,0.3540681004524231,0.2497459053993225
1605908302.9796228,0.4927110970020294,0.3346427083015442,0.2851409316062927
1605908303.1831512,0.5368393063545227,0.2996251583099365,0.3251632750034332
1605908303.384442,0.5839173197746277,0.264009952545166,0.36879974603652954
1605908303.5878723,0.6259776949882507,0.2395252138376236,0.4058431088924408
1605908303.7918615,0.663975179195404,0.21960808336734772,0.43774843215942383
1605908303.9948244,0.6995903849601746,0.19114726781845093,0.4674118161201477
1605908304.1997523,0.729328989982605,0.15585824847221375,0.4918074607849121
1605908304.4041367,0.7389050722122192,0.12534044682979584,0.5026388764381409
1605908304.6057105,0.7273747324943542,0.10753635317087173,0.4864810109138489
1605908304.8236318,0.6996477246284485,0.12300530076026917,0.46649059653282166
1605908305.0412686,0.6732832789421082,0.1545078009366989,0.45432472229003906
1605908305.2415073,0.6570389866828918,0.1853763908147812,0.45130982995033264
1605908305.4468567,0.6458216905593872,0.2027539163827896,0.4369090795516968
1605908305.6521895,0.64110267162323,0.21250486373901367,0.41895198822021484
1605908305.8555856,0.6202558875083923,0.21492788195610046,0.4065321981906891
1605908306.0581217,0.6202558875083923,0.21492788195610046,0.4065321981906891
1605908306.2689924,0.6076845526695251,0.23465567827224731,0.37766894698143005
1605908306.480067,0.6076695322990417,0.2483539879322052,0.36883673071861267
