1605908276.1186135,-0.8846843242645264,-1.1466827392578125,0.43259263038635254
1605908276.3050122,-0.8844845294952393,-1.1475110054016113,0.4331168830394745
1605908276.5160542,-0.8870705962181091,-1.1434829235076904,0.43494027853012085
1605908276.7210343,-0.8882236480712891,-1.1453194618225098,0.4336587190628052
1605908276.925237,-0.8858859539031982,-1.1392714977264404,0.43450433015823364
1605908277.1281164,-0.8812982439994812,-1.1343212127685547,0.43525922298431396
1605908277.3366256,-0.8935357928276062,-1.1479216814041138,0.43357476592063904
1605908277.5367017,-0.8935357928276062,-1.1479216814041138,0.43357476592063904
1605908277.7395885,-0.892707347869873,-1.152024507522583,0.43424683809280396
1605908277.941036,-0.9019849300384521,-1.1587923765182495,0.43095991015434265
1605908278.1449585,-0.9035447835922241,-1.1541434526443481,0.4276602268218994
1605908278.347891,-0.8892250061035156,-1.1378567218780518,0.43040046095848083
1605908278.5485399,-0.8616956472396851,-1.111328125,0.42710405588150024
1605908278.7537768,-0.8616956472396851,-1.111328125,0.42710405588150024
1605908278.957863,-0.8550503253936768,-1.0996724367141724,0.43044400215148926
1605908279.16181,-0.8558752536773682,-1.088490605354309,0.42935746908187866
1605908279.4011233,-0.8558752536773682,-1.088490605354309,0.42935746908187866
1605908279.5662608,-0.8568247556686401,-1.0759681463241577,0.42572763562202454
1605908279.771683,-0.8607074618339539,-1.0658817291259766,0.4278686046600342
1605908279.9740028,-0.8688421249389648,-1.06660795211792,0.429420530796051
1605908280.1908972,-0.866393506526947,-1.0592834949493408,0.42544370889663696
1605908280.393115,-0.8507485389709473,-1.0403650999069214,0.4149993658065796
1605908280.5968587,-0.8412429094314575,-1.0173907279968262,0.4116923213005066
1605908280.7990727,-0.822682797908783,-0.967860221862793,0.4197360575199127
1605908281.0279243,-0.822682797908783,-0.967860221862793,0.4197360575199127
1605908281.2032402,-0.8085382580757141,-0.9506925940513611,0.41816213726997375
1605908281.405684,-0.7979882955551147,-0.9406847953796387,0.4185815751552582
1605908281.61357,-0.7887671589851379,-0.9310330152511597,0.4095090329647064
1605908281.8127248,-0.7747100591659546,-0.9138877987861633,0.4071217477321625
1605908282.0134952,-0.7526551485061646,-0.8670284152030945,0.41199442744255066
1605908282.2469342,-0.7526551485061646,-0.8670284152030945,0.41199442744255066
1605908282.434902,-0.7577289938926697,-0.8078652024269104,0.4156445562839508
1605908282.6411932,-0.7512019872665405,-0.7827494740486145,0.4219497740268707
1605908282.8496668,-0.7393693923950195,-0.7526739239692688,0.41181832551956177
1605908283.0448167,-0.7393693923950195,-0.7526739239692688,0.41181832551956177
1605908283.2556186,-0.7224938273429871,-0.7179572582244873,0.40389567613601685
1605908283.4690228,-0.7102371454238892,-0.6783087849617004,0.40338847041130066
1605908283.6604836,-0.7016679644584656,-0.6445931196212769,0.41079002618789673
1605908283.8624265,-0.6922823786735535,-0.6094551086425781,0.4185393154621124
1605908284.0698545,-0.6857973337173462,-0.572666585445404,0.41923466324806213
1605908284.2697437,-0.6722708940505981,-0.5257267951965332,0.4208976924419403
1605908284.4713027,-0.6715130805969238,-0.48530709743499756,0.4213950037956238
1605908284.6925402,-0.696027934551239,-0.4560401141643524,0.4246557056903839
1605908284.8796446,-0.7381682395935059,-0.42986369132995605,0.4155181646347046
1605908285.084523,-0.8209707140922546,-0.36365532875061035,0.40563663840293884
1605908285.3060298,-0.8649539351463318,-0.3076041638851166,0.41331493854522705
1605908285.4951997,-0.8989880084991455,-0.2416597455739975,0.4309646487236023
1605908285.7372239,-0.9212958812713623,-0.17837432026863098,0.43805721402168274
1605908285.9098737,-0.9354217052459717,-0.1239238902926445,0.4343043863773346
1605908286.105471,-0.9404570460319519,-0.09333351999521255,0.42009326815605164
1605908286.311199,-0.9085049033164978,-0.06917407363653183,0.40834978222846985
1605908286.522038,-0.846930742263794,-0.03949190303683281,0.40835174918174744
1605908286.7172446,-0.7485670447349548,0.017697634175419807,0.41037696599960327
1605908286.923415,-0.6591944098472595,0.11440322548151016,0.43459489941596985
1605908287.135159,-0.5681157112121582,0.22482118010520935,0.48877784609794617
1605908287.3308775,-0.47276073694229126,0.3284578025341034,0.5045734643936157
1605908287.5315673,-0.40851569175720215,0.3791305422782898,0.47349870204925537
1605908287.7705286,-0.3810359239578247,0.3551531434059143,0.4375133812427521
1605908287.941713,-0.39500221610069275,0.278645783662796,0.4192162752151489
1605908288.1470838,-0.39500221610069275,0.278645783662796,0.4192162752151489
1605908288.4080198,-0.40742841362953186,0.21180430054664612,0.40098994970321655
1605908288.5534763,-0.37773287296295166,0.226143017411232,0.39869359135627747
1605908288.764387,-0.364472359418869,0.2485472708940506,0.4063910245895386
1605908288.9693215,-0.3981056809425354,0.21600273251533508,0.3984891176223755
1605908289.172023,-0.40477076172828674,0.191447913646698,0.40292423963546753
1605908289.3771338,-0.40543895959854126,0.18202655017375946,0.4099738597869873
1605908289.5825639,-0.3976500332355499,0.18833225965499878,0.4093378782272339
1605908289.7871387,-0.39047372341156006,0.2020931988954544,0.4057835340499878
1605908289.9877808,-0.391896516084671,0.2069227248430252,0.39418792724609375
1605908290.2111409,-0.4043661057949066,0.19705358147621155,0.39205533266067505
1605908290.4097764,-0.40508249402046204,0.18812422454357147,0.3986871838569641
1605908290.6152196,-0.40604642033576965,0.18052826821804047,0.39365315437316895
1605908290.8188171,-0.40311384201049805,0.17292211949825287,0.3958115875720978
1605908291.036178,-0.39908644556999207,0.17981314659118652,0.4022493064403534
1605908291.2363946,-0.39702650904655457,0.19053304195404053,0.40103617310523987
1605908291.4417908,-0.38922905921936035,0.19852446019649506,0.3910084068775177
1605908291.6450021,-0.3883882761001587,0.20689871907234192,0.3950587809085846
1605908291.8503404,-0.38755500316619873,0.20595625042915344,0.3983396887779236
1605908292.0512905,-0.38550692796707153,0.2083132416009903,0.39967846870422363
1605908292.2574112,-0.3746524155139923,0.2108614295721054,0.40172889828681946
1605908292.4626932,-0.3440292477607727,0.20753124356269836,0.4004661738872528
1605908292.6660354,-0.3067994713783264,0.20305614173412323,0.40240225195884705
1605908292.8719811,-0.26819315552711487,0.2007153332233429,0.39807572960853577
1605908293.0968137,-0.22614672780036926,0.19739718735218048,0.39610525965690613
1605908293.2871914,-0.18759582936763763,0.19058609008789062,0.3910250961780548
1605908293.4873152,-0.15135376155376434,0.17430682480335236,0.39315158128738403
1605908293.6905203,-0.10283978283405304,0.1703709363937378,0.4008057415485382
1605908293.917685,-0.05428431183099747,0.1770911067724228,0.4028303921222687
1605908294.1344204,-0.05428431183099747,0.1770911067724228,0.4028303921222687
1605908294.3049173,-0.013307607732713223,0.177780881524086,0.39470115303993225
1605908294.5154383,0.02475912682712078,0.1793006807565689,0.39506375789642334
1605908294.7808418,0.05923615023493767,0.17827677726745605,0.39518874883651733
1605908294.9161658,0.09850644320249557,0.18473364412784576,0.390229195356369
1605908295.1215024,0.1643342524766922,0.17251989245414734,0.40427568554878235
1605908295.340705,0.18625032901763916,0.1782626360654831,0.4084218740463257
1605908295.542855,0.22225992381572723,0.1872483789920807,0.39951789379119873
1605908295.7593615,0.26510655879974365,0.18992027640342712,0.4022817611694336
1605908295.9533396,0.30496689677238464,0.18847551941871643,0.40860217809677124
1605908296.1549265,0.33570510149002075,0.19116632640361786,0.40656453371047974
1605908296.3628714,0.34887760877609253,0.16983215510845184,0.4168921113014221
1605908296.563345,0.34927964210510254,0.14542299509048462,0.4333896338939667
1605908296.7686808,0.3429870009422302,0.13149535655975342,0.4561232030391693
1605908296.9746413,0.3429870009422302,0.13149535655975342,0.4561232030391693
1605908297.1748254,0.343145489692688,0.09470120072364807,0.5021414756774902
1605908297.3791938,0.3634067177772522,0.06945671886205673,0.5088942050933838
1605908297.5859473,0.3983447253704071,0.025456631556153297,0.5207813382148743
1605908297.7808354,0.4472270607948303,-0.0185855682939291,0.5470947027206421
1605908297.9840763,0.5072624087333679,-0.04326305538415909,0.5583193898200989
1605908298.1879604,0.5572084188461304,-0.054392989724874496,0.5525500178337097
1605908298.388277,0.5989802479743958,-0.05342123284935951,0.5439258813858032
1605908298.593905,0.6597491502761841,-0.0723109319806099,0.539441704750061
1605908298.8106415,0.7287237048149109,-0.10860051214694977,0.5354178547859192
1605908298.9991987,0.8047242760658264,-0.13179436326026917,0.5237783789634705
1605908299.2022321,0.8801820278167725,-0.13536134362220764,0.5249139666557312
1605908299.424742,0.8801820278167725,-0.13536134362220764,0.5249139666557312
1605908299.623927,0.947684109210968,-0.1381838023662567,0.5278696417808533
1605908299.824639,1.0055876970291138,-0.14055530726909637,0.5310059189796448
1605908300.0702274,1.0621360540390015,-0.1346166431903839,0.5193673372268677
1605908300.230353,1.113425374031067,-0.11718982458114624,0.4970531165599823
1605908300.4444294,1.2168700695037842,-0.03145687282085419,0.45772838592529297
1605908300.6581588,1.2538952827453613,0.006008402444422245,0.45148003101348877
1605908300.8526807,1.2538952827453613,0.006008402444422245,0.45148003101348877
1605908301.0566518,1.2901400327682495,0.0165755283087492,0.44977429509162903
1605908301.271918,1.2940269708633423,-0.025561468675732613,0.46454918384552
1605908301.463458,1.3029762506484985,-0.09946633875370026,0.4859825372695923
1605908301.6680405,1.3112173080444336,-0.19450518488883972,0.5183159112930298
1605908301.8734586,1.3666232824325562,-0.3096088767051697,0.5617767572402954
1605908302.0762813,1.3666232824325562,-0.3096088767051697,0.5617767572402954
1605908302.2789795,1.424990177154541,-0.31420671939849854,0.5660292506217957
1605908302.533983,1.497023344039917,-0.2833729386329651,0.5488786101341248
1605908302.6847188,1.576756238937378,-0.22280853986740112,0.5352119207382202
1605908302.8899748,1.6792978048324585,-0.05155639350414276,0.4841795861721039
1605908303.0955138,1.714669108390808,0.02890792489051819,0.4444670081138611
1605908303.2995582,1.7557616233825684,0.10550065338611603,0.4229874312877655
1605908303.5057337,1.800083041191101,0.16788478195667267,0.40684863924980164
1605908303.715682,1.8454326391220093,0.1939382553100586,0.3999009132385254
1605908303.932992,1.8841872215270996,0.2129867672920227,0.40070778131484985
1605908304.1167367,1.921010971069336,0.21806062757968903,0.40040209889411926
1605908304.333336,1.9782038927078247,0.20735926926136017,0.4074779748916626
1605908304.5241241,2.031047821044922,0.1853836625814438,0.40517598390579224
1605908304.7266898,2.031047821044922,0.1853836625814438,0.40517598390579224
1605908304.9347756,2.1211020946502686,0.20189698040485382,0.38428306579589844
1605908305.1303604,2.1331043243408203,0.22766903042793274,0.3809548020362854
1605908305.355623,2.116434335708618,0.24766868352890015,0.3782629668712616
1605908305.5366619,2.0792393684387207,0.24378064274787903,0.38377493619918823
1605908305.762557,2.0792393684387207,0.24378064274787903,0.38377493619918823
1605908305.9440353,2.010078191757202,0.23513951897621155,0.3832656741142273
1605908306.152372,2.010078191757202,0.23513951897621155,0.3832656741142273
1605908306.3523502,1.9882993698120117,0.23243173956871033,0.3889293372631073
1605908306.5839593,1.976503849029541,0.22808821499347687,0.3914065361022949
1605908306.7669804,1.966734528541565,0.2181290239095688,0.3881358504295349
1605908306.970559,1.960089087486267,0.20624150335788727,0.386202871799469
