1605908275.954333,0.3772638738155365,-0.9695664048194885,0.49673858284950256
1605908276.1704633,0.37518566846847534,-0.9619758725166321,0.49690335988998413
1605908276.3712018,0.36627158522605896,-0.9525682926177979,0.48926177620887756
1605908276.6011796,0.3604373633861542,-0.9469388723373413,0.48260775208473206
1605908276.7896433,0.3585452139377594,-0.943159282207489,0.482959121465683
1605908276.9950266,0.3585452139377594,-0.943159282207489,0.482959121465683
1605908277.2000484,0.3643212914466858,-0.9512764811515808,0.4855242073535919
1605908277.4042528,0.3643212914466858,-0.9512764811515808,0.4855242073535919
1605908277.6069202,0.36867260932922363,-0.9569710493087769,0.4867706596851349
1605908277.8177485,0.3718375861644745,-0.9665428996086121,0.4885314702987671
1605908278.0230813,0.3535316586494446,-0.9611998796463013,0.4849254786968231
1605908278.2322652,0.3535316586494446,-0.9611998796463013,0.4849254786968231
1605908278.434862,0.3417243957519531,-0.9536253213882446,0.48845264315605164
1605908278.6400833,0.34234553575515747,-0.9446161389350891,0.47974613308906555
1605908278.8509474,0.3403765857219696,-0.9254923462867737,0.4764055013656616
1605908279.0766675,0.3032926619052887,-0.8817550539970398,0.47966182231903076
1605908279.256122,0.29073968529701233,-0.8775801658630371,0.47215551137924194
1605908279.4614937,0.27409741282463074,-0.8730818033218384,0.464589387178421
1605908279.6745956,0.257533997297287,-0.8810776472091675,0.46477875113487244
1605908279.8693047,0.2407379299402237,-0.8858024477958679,0.47318974137306213
1605908280.107757,0.22858087718486786,-0.881538987159729,0.478527307510376
1605908280.2837794,0.20829083025455475,-0.8667796850204468,0.47451817989349365
1605908280.483164,0.18586504459381104,-0.8442304134368896,0.4728381633758545
1605908280.6866074,0.1674664467573166,-0.8143960237503052,0.4743523597717285
1605908280.9036732,0.15258729457855225,-0.7852760553359985,0.4742891192436218
1605908281.108613,0.12903405725955963,-0.7593477964401245,0.4681665003299713
1605908281.3129988,0.08944342285394669,-0.7381896376609802,0.4599115252494812
1605908281.530386,0.053619761019945145,-0.7262395024299622,0.45408010482788086
1605908281.7296941,0.053619761019945145,-0.7262395024299622,0.45408010482788086
1605908281.9299774,0.01042651105672121,-0.698986828327179,0.44636479020118713
1605908282.1365256,-0.019626857712864876,-0.6654531359672546,0.4518384337425232
1605908282.3343294,-0.06629671901464462,-0.6279416680335999,0.4549138844013214
1605908282.5402184,-0.11836346983909607,-0.5886479020118713,0.44975122809410095
1605908282.7507288,-0.1692008078098297,-0.5628076791763306,0.4317837059497833
1605908282.9485433,-0.20380745828151703,-0.5405394434928894,0.4201100766658783
1605908283.1538765,-0.22739866375923157,-0.5305774211883545,0.4095061421394348
1605908283.3652723,-0.2600521743297577,-0.5408499240875244,0.39866384863853455
1605908283.5577369,-0.2952113449573517,-0.5958806872367859,0.4046362340450287
1605908283.769964,-0.2952113449573517,-0.5958806872367859,0.4046362340450287
1605908284.0451539,-0.34595662355422974,-0.6290581822395325,0.3945877254009247
1605908284.176391,-0.40105658769607544,-0.6363667249679565,0.3718760311603546
1605908284.3817174,-0.46470481157302856,-0.6458109021186829,0.37040868401527405
1605908284.60775,-0.49692127108573914,-0.6068483591079712,0.3807339668273926
1605908284.8016195,-0.4984099864959717,-0.5864226818084717,0.3885554373264313
1605908285.0025055,-0.4702194333076477,-0.5308462977409363,0.3729287087917328
1605908285.2185,-0.4568413496017456,-0.4855005741119385,0.3563333749771118
1605908285.470268,-0.470608115196228,-0.45953425765037537,0.33921030163764954
1605908285.6160069,-0.628555417060852,-0.39723822474479675,0.28885847330093384
1605908285.8195326,-0.628555417060852,-0.39723822474479675,0.28885847330093384
1605908286.021254,-0.7858069539070129,-0.3691592514514923,0.26307088136672974
1605908286.249172,-0.9717969298362732,-0.35310879349708557,0.22460180521011353
1605908286.4329376,-1.1459636688232422,-0.29627546668052673,0.1969042718410492
1605908286.633027,-1.2955126762390137,-0.16054190695285797,0.18943823873996735
1605908286.8382523,-1.3484265804290771,-0.04587045684456825,0.17533493041992188
1605908287.0436933,-1.284088373184204,0.025743454694747925,0.17881469428539276
1605908287.2553,-1.26215398311615,0.04308595880866051,0.2251538336277008
1605908287.4580295,-1.2793599367141724,0.10372110456228256,0.2884664833545685
1605908287.6761878,-1.261694312095642,0.2026403397321701,0.35658425092697144
1605908287.865081,-1.261694312095642,0.2026403397321701,0.35658425092697144
1605908288.0682054,-1.2104027271270752,0.26385173201560974,0.40464308857917786
1605908288.285566,-1.1661145687103271,0.2748417556285858,0.4267341196537018
1605908288.4776292,-1.1409496068954468,0.260455846786499,0.4329861104488373
1605908288.6830115,-1.14117431640625,0.2425824999809265,0.4308375120162964
1605908288.895528,-1.1606433391571045,0.2455558180809021,0.4264778792858124
1605908289.0880506,-1.1718177795410156,0.25597792863845825,0.42225971817970276
1605908289.2902038,-1.1718177795410156,0.25597792863845825,0.42225971817970276
1605908289.4916801,-1.1806832551956177,0.25207453966140747,0.42395728826522827
1605908289.6956644,-1.1720983982086182,0.21721024811267853,0.4229968786239624
1605908289.901481,-1.168526530265808,0.2059977948665619,0.41418102383613586
1605908290.1475518,-1.168526530265808,0.2059977948665619,0.41418102383613586
1605908290.321534,-1.1781730651855469,0.2001170814037323,0.4171922206878662
1605908290.537896,-1.1875771284103394,0.20127162337303162,0.41332516074180603
1605908290.743165,-1.1886529922485352,0.20199276506900787,0.41512423753738403
1605908290.9540124,-1.1838165521621704,0.2046448141336441,0.41165509819984436
1605908291.1651049,-1.1824957132339478,0.21364107728004456,0.40605270862579346
1605908291.3923244,-1.18673574924469,0.21943429112434387,0.4105279743671417
1605908291.5789747,-1.1980806589126587,0.22609953582286835,0.4115365445613861
1605908291.7842388,-1.1980806589126587,0.22609953582286835,0.4115365445613861
1605908291.9972746,-1.1988831758499146,0.22030389308929443,0.4033068120479584
1605908292.196623,-1.1891545057296753,0.20646731555461884,0.3953799307346344
1605908292.58395,-1.1614689826965332,0.19622476398944855,0.398756206035614
1605908292.6374276,-1.1614689826965332,0.19622476398944855,0.398756206035614
1605908292.816351,-1.1236873865127563,0.20038115978240967,0.4033621847629547
1605908293.0214775,-1.0875799655914307,0.2085348665714264,0.40103068947792053
1605908293.2402143,-1.033789873123169,0.2170051485300064,0.38103345036506653
1605908293.4438775,-1.00009024143219,0.20853197574615479,0.38310325145721436
1605908293.647749,-0.9773902297019958,0.20581935346126556,0.3844582140445709
1605908293.8508275,-0.8949413299560547,0.21114778518676758,0.387666255235672
1605908294.0529628,-0.8377679586410522,0.20702965557575226,0.4131951630115509
1605908294.256028,-0.7802797555923462,0.19806386530399323,0.42423495650291443
1605908294.477086,-0.7241677641868591,0.1806696057319641,0.42142656445503235
1605908294.6673138,-0.685265839099884,0.160579651594162,0.416620671749115
1605908294.8726866,-0.6488236784934998,0.1631992906332016,0.4170307517051697
1605908295.0822515,-0.6126697659492493,0.17198744416236877,0.4084971249103546
1605908295.2796793,-0.5876737236976624,0.2032635658979416,0.3991388976573944
1605908295.4828804,-0.5610756874084473,0.2259487360715866,0.3901641368865967
1605908295.6993375,-0.5355567336082458,0.21541103720664978,0.3966129422187805
1605908295.8858244,-0.505048930644989,0.16042891144752502,0.4046667218208313
1605908296.0912411,-0.47833237051963806,0.11998176574707031,0.41710713505744934
1605908296.2952642,-0.47310930490493774,0.10354868322610855,0.43514132499694824
1605908296.4972847,-0.471680611371994,0.10650245100259781,0.446664422750473
1605908296.7004545,-0.46319448947906494,0.10828087478876114,0.46184009313583374
1605908296.9020498,-0.4411773681640625,0.0936313197016716,0.48175880312919617
1605908297.105137,-0.4480193555355072,0.05565411224961281,0.49494123458862305
1605908297.3104968,-0.44570115208625793,0.021523142233490944,0.5091965794563293
1605908297.513023,-0.4377719461917877,-0.017974037677049637,0.5224648118019104
1605908297.7162733,-0.40287238359451294,-0.03761989250779152,0.5364465117454529
1605908297.9205837,-0.34367701411247253,-0.04106011614203453,0.54044508934021
1605908298.1375294,-0.34367701411247253,-0.04106011614203453,0.54044508934021
1605908298.3276026,-0.27457454800605774,-0.029991528019309044,0.5408371090888977
1605908298.538659,-0.21051152050495148,-0.008821800351142883,0.5366061329841614
1605908298.7557917,-0.13529931008815765,-0.005547795910388231,0.5424118041992188
1605908298.9560008,0.037573449313640594,-0.07162374258041382,0.5341876745223999
1605908299.1584656,0.11452064663171768,-0.10392332822084427,0.54550701379776
1605908299.3634741,0.18914823234081268,-0.10795477777719498,0.5485378503799438
1605908299.5647645,0.25322529673576355,-0.11524978280067444,0.5415040254592896
1605908299.767665,0.2981787323951721,-0.10914082080125809,0.5211055278778076
1605908299.9730453,0.3496847152709961,-0.08007275313138962,0.5020343065261841
1605908300.1780365,0.3883572220802307,-0.03987693414092064,0.47221288084983826
1605908300.3833456,0.41750630736351013,0.010956501588225365,0.44517070055007935
1605908300.597338,0.44378551840782166,0.04577327519655228,0.4320145547389984
1605908300.7998073,0.4703308641910553,0.05122576281428337,0.42902490496635437
1605908301.0047872,0.4939214587211609,0.03419524058699608,0.4342503249645233
1605908301.2117825,0.5102831125259399,0.02054709568619728,0.4440609812736511
1605908301.4082057,0.522370457649231,-0.011550878174602985,0.4612608850002289
1605908301.6135745,0.5254887938499451,-0.07324030995368958,0.48031604290008545
1605908301.816935,0.5232077836990356,-0.17771582305431366,0.5087350010871887
1605908302.0222836,0.5488175749778748,-0.2810823321342468,0.5445288419723511
1605908302.2253988,0.610463559627533,-0.3520459234714508,0.5660966634750366
1605908302.4382386,0.6969901323318481,-0.3722895383834839,0.5806750059127808
1605908302.631961,0.7705625891685486,-0.3638448417186737,0.5767256021499634
1605908302.834537,0.8393586277961731,-0.2936033308506012,0.5461668372154236
1605908303.07925,0.8887215256690979,-0.1785207986831665,0.49486202001571655
1605908303.2411633,0.9332072734832764,-0.04342544823884964,0.4529368281364441
1605908303.4448404,0.9615245461463928,0.08802156895399094,0.42018604278564453
1605908303.704205,0.9972188472747803,0.16766473650932312,0.4006670117378235
1605908303.849758,1.029093861579895,0.2108718901872635,0.3903529644012451
1605908304.0550516,1.0672039985656738,0.23508763313293457,0.39315006136894226
1605908304.260895,1.0936169624328613,0.24829798936843872,0.4038510024547577
1605908304.4628017,1.113974690437317,0.2564162313938141,0.4044884443283081
1605908304.6640956,1.1890932321548462,0.21055085957050323,0.4055696129798889
1605908304.8862429,1.1890932321548462,0.21055085957050323,0.4055696129798889
1605908305.0700774,1.2393743991851807,0.181986004114151,0.4024919271469116
1605908305.2760096,1.2806899547576904,0.1825331300497055,0.3816949427127838
1605908305.4901109,1.2736313343048096,0.2231006622314453,0.3791627883911133
1605908305.6807754,1.2542520761489868,0.2536333203315735,0.37460196018218994
1605908305.974034,1.2369731664657593,0.24327236413955688,0.3654211759567261
1605908306.0942388,1.2158515453338623,0.19327673316001892,0.3634597957134247
1605908306.2988274,1.193748116493225,0.16516414284706116,0.37394413352012634
1605908306.523013,1.1630949974060059,0.15904632210731506,0.3827834129333496
1605908306.706825,1.1385663747787476,0.1766814887523651,0.39468464255332947
1605908306.9074204,1.1183656454086304,0.18804003298282623,0.3965117633342743
