1605908275.9748309,0.9574317932128906,-0.20688265562057495,0.6031153202056885
1605908276.180254,0.9583993554115295,-0.20861345529556274,0.6036328673362732
1605908276.3815444,0.956580400466919,-0.20828600227832794,0.6078284978866577
1605908276.5838182,0.9641653895378113,-0.20212677121162415,0.6023010015487671
1605908276.789183,0.9641653895378113,-0.20212677121162415,0.6023010015487671
1605908276.9952297,0.9661028981208801,-0.2047179639339447,0.5986176133155823
1605908277.199549,0.9616711139678955,-0.21358318626880646,0.5977011322975159
1605908277.403698,0.9616711139678955,-0.21358318626880646,0.5977011322975159
1605908277.613088,0.9372056722640991,-0.2139447182416916,0.5970733165740967
1605908277.8172152,0.9267763495445251,-0.21420899033546448,0.5930202603340149
1605908278.023513,0.9215137362480164,-0.2106303870677948,0.5918909311294556
1605908278.2264302,0.919106662273407,-0.20964469015598297,0.5890037417411804
1605908278.4280207,0.9192222952842712,-0.2146555334329605,0.5884929895401001
1605908278.6298327,0.9192222952842712,-0.2146555334329605,0.5884929895401001
1605908278.8337002,0.9127289652824402,-0.23214048147201538,0.5872890949249268
1605908279.038966,0.9006959795951843,-0.23181886970996857,0.5789716839790344
1605908279.2442527,0.8785539269447327,-0.2305299937725067,0.5757849812507629
1605908279.44542,0.8498737215995789,-0.2285775989294052,0.5711467862129211
1605908279.6474652,0.8240975141525269,-0.22849442064762115,0.5685681104660034
1605908279.8525705,0.806279182434082,-0.23514403402805328,0.569097101688385
1605908280.055721,0.785917341709137,-0.24189415574073792,0.5666494369506836
1605908280.2711337,0.775204062461853,-0.24218958616256714,0.5589631199836731
1605908280.4741268,0.7506504058837891,-0.2440260648727417,0.5568845868110657
1605908280.674956,0.7166208624839783,-0.2593767046928406,0.5578793883323669
1605908280.8802364,0.6808032989501953,-0.2791587710380554,0.5525039434432983
1605908281.08644,0.6500567197799683,-0.2958700954914093,0.5558953881263733
1605908281.2915137,0.6241334080696106,-0.28689154982566833,0.5491321682929993
1605908281.4973617,0.6034174561500549,-0.26909786462783813,0.5422268509864807
1605908281.700979,0.5784095525741577,-0.2589826285839081,0.5401424765586853
1605908281.9030695,0.5435023307800293,-0.2581894099712372,0.5395153164863586
1605908282.1074529,0.48488810658454895,-0.2908804714679718,0.5402781963348389
1605908282.3127387,0.42245200276374817,-0.32907596230506897,0.5393181443214417
1605908282.5167387,0.36870431900024414,-0.3423229157924652,0.5306594371795654
1605908282.7192323,0.33593690395355225,-0.34757399559020996,0.5191114544868469
1605908282.9246507,0.29786109924316406,-0.3651978671550751,0.5087026953697205
1605908283.1276035,0.2547769546508789,-0.3763388395309448,0.5122828483581543
1605908283.3329089,0.19805002212524414,-0.3838851749897003,0.5056583285331726
1605908283.5346866,0.13892485201358795,-0.38291049003601074,0.48940038681030273
1605908283.7354536,0.13892485201358795,-0.38291049003601074,0.48940038681030273
1605908283.9373076,0.029273398220539093,-0.40674808621406555,0.4739488959312439
1605908284.1390905,-0.013612579554319382,-0.42158862948417664,0.47784194350242615
1605908284.342098,-0.04736403003334999,-0.43554437160491943,0.48711684346199036
1605908284.5430927,-0.07713941484689713,-0.45847660303115845,0.48489195108413696
1605908284.744396,-0.0987994447350502,-0.47729042172431946,0.4832945466041565
1605908284.952237,-0.1295786052942276,-0.4924345016479492,0.4851085841655731
1605908285.157207,-0.16130857169628143,-0.4915109872817993,0.4834616780281067
1605908285.362579,-0.22323021292686462,-0.4901382029056549,0.4733443558216095
1605908285.5721555,-0.39596936106681824,-0.5459504723548889,0.4713418483734131
1605908285.7759757,-0.45719367265701294,-0.6003244519233704,0.4803769588470459
1605908285.9780502,-0.4489581286907196,-0.669642984867096,0.5067523121833801
1605908286.276664,-0.48512887954711914,-0.8185835480690002,0.5452584028244019
1605908286.3834038,-0.5783642530441284,-0.9968757629394531,0.565762996673584
1605908286.5837135,-0.7482448816299438,-1.1140848398208618,0.5291673541069031
1605908286.7856143,-0.9098597764968872,-1.1484920978546143,0.48125502467155457
1605908286.987998,-1.0640588998794556,-1.057496428489685,0.4424111545085907
1605908287.2037773,-1.1500751972198486,-0.9094595313072205,0.4318380653858185
1605908287.4412138,-1.1950514316558838,-0.76493239402771,0.41943520307540894
1605908287.6195364,-1.2058789730072021,-0.6905086636543274,0.406936377286911
1605908287.8654168,-1.2093167304992676,-0.681360125541687,0.40349963307380676
1605908288.0283651,-1.2148782014846802,-0.6877242922782898,0.407473087310791
1605908288.2335942,-1.2239197492599487,-0.6858954429626465,0.4017547070980072
1605908288.434735,-1.2298840284347534,-0.6608976721763611,0.4017221927642822
1605908288.645443,-1.227694034576416,-0.6391758918762207,0.3991301357746124
1605908288.8560498,-1.2237008810043335,-0.629109799861908,0.39974117279052734
1605908289.0569186,-1.214030146598816,-0.6360307931900024,0.39886611700057983
1605908289.2682893,-1.214030146598816,-0.6360307931900024,0.39886611700057983
1605908289.4655724,-1.200146198272705,-0.6726266741752625,0.39716872572898865
1605908289.73218,-1.1924699544906616,-0.6912717223167419,0.39533400535583496
1605908289.8685591,-1.1882380247116089,-0.6984272599220276,0.3948586881160736
1605908290.0717883,-1.1879984140396118,-0.6989234089851379,0.3909537196159363
1605908290.2726605,-1.1879984140396118,-0.6989234089851379,0.3909537196159363
1605908290.4750206,-1.1894772052764893,-0.7011245489120483,0.3916434943675995
1605908290.680666,-1.1932032108306885,-0.7005742192268372,0.3962780833244324
1605908290.8858578,-1.1988780498504639,-0.6963074207305908,0.391558438539505
1605908291.0924509,-1.199760913848877,-0.6938385367393494,0.3975732624530792
1605908291.2973664,-1.1957701444625854,-0.6896145343780518,0.3956780433654785
1605908291.5017185,-1.1921539306640625,-0.6858755946159363,0.3951464593410492
1605908291.7032914,-1.196051001548767,-0.68807053565979,0.3971184194087982
1605908291.9248593,-1.196051001548767,-0.68807053565979,0.3971184194087982
1605908292.1125762,-1.1920660734176636,-0.6955721974372864,0.3956664204597473
1605908292.3179493,-1.1437113285064697,-0.6959279179573059,0.39769625663757324
1605908292.5230978,-1.1437113285064697,-0.6959279179573059,0.39769625663757324
1605908292.7284348,-1.106539011001587,-0.6966363787651062,0.3986690640449524
1605908292.9318774,-1.0637303590774536,-0.6996768116950989,0.39627113938331604
1605908293.1725721,-1.0236600637435913,-0.7064492702484131,0.39627978205680847
1605908293.3470085,-0.9823958277702332,-0.7129263877868652,0.3974676728248596
1605908293.548048,-0.9428147077560425,-0.7151810526847839,0.39615726470947266
1605908293.8111603,-0.9048111438751221,-0.7145419120788574,0.40010154247283936
1605908293.9523497,-0.8678079843521118,-0.7094546556472778,0.3931841254234314
1605908294.166258,-0.8351176381111145,-0.7019239664077759,0.3905281722545624
1605908294.371538,-0.8351176381111145,-0.7019239664077759,0.3905281722545624
1605908294.5769322,-0.7137789726257324,-0.7031630277633667,0.40212783217430115
1605908294.7924483,-0.6783963441848755,-0.6886809468269348,0.39392468333244324
1605908294.9933636,-0.6455729007720947,-0.6724668145179749,0.3808729350566864
1605908295.1947613,-0.5693543553352356,-0.6958478093147278,0.3930230140686035
1605908295.4001565,-0.5693543553352356,-0.6958478093147278,0.3930230140686035
1605908295.6111941,-0.4850746989250183,-0.7128151059150696,0.4123110771179199
1605908295.817268,-0.46004241704940796,-0.7102658152580261,0.41548922657966614
1605908296.0606515,-0.45147019624710083,-0.733488917350769,0.4283367991447449
1605908296.226025,-0.45014065504074097,-0.7623056769371033,0.4352344274520874
1605908296.4370265,-0.4476783573627472,-0.7900112867355347,0.4504745304584503
1605908296.6288893,-0.4433651566505432,-0.8094218969345093,0.4705895483493805
1605908296.834281,-0.4438035488128662,-0.8218857049942017,0.48776963353157043
1605908297.0351765,-0.4438035488128662,-0.8218857049942017,0.48776963353157043
1605908297.2404675,-0.4189337193965912,-0.852845311164856,0.518627941608429
1605908297.445525,-0.403309166431427,-0.8874934315681458,0.5300960540771484
1605908297.650916,-0.363179475069046,-0.9238210320472717,0.5444972515106201
1605908297.8616202,-0.3035113215446472,-0.9432171583175659,0.5564244389533997
1605908298.067561,-0.23400284349918365,-0.9525384902954102,0.5537426471710205
1605908298.2953413,-0.1596919745206833,-0.9539414048194885,0.5526300072669983
1605908298.4743264,-0.08302462846040726,-0.9573584794998169,0.5497114062309265
1605908298.6958756,-0.01015951856970787,-0.9742578268051147,0.5400159955024719
1605908298.8878953,0.060792289674282074,-0.9971492290496826,0.5289260745048523
1605908299.0887468,0.11683560162782669,-1.0162497758865356,0.5270716547966003
1605908299.2928798,0.16828520596027374,-1.023302435874939,0.518298864364624
1605908299.4949102,0.21106715500354767,-1.0199991464614868,0.512836754322052
1605908299.6961846,0.2599375545978546,-1.0053811073303223,0.5014275908470154
1605908299.9130192,0.31132054328918457,-0.9593625664710999,0.47808119654655457
1605908300.1166966,0.35778626799583435,-0.8992143273353577,0.45266613364219666
1605908300.322939,0.39139965176582336,-0.8523622751235962,0.43692004680633545
1605908300.5266883,0.39139965176582336,-0.8523622751235962,0.43692004680633545
1605908300.7291627,0.4592233896255493,-0.8518537878990173,0.4254903495311737
1605908300.935532,0.48911145329475403,-0.8853137493133545,0.42852941155433655
1605908301.1368022,0.5072180032730103,-0.9314737319946289,0.45178040862083435
1605908301.3418603,0.5208091735839844,-0.9959956407546997,0.4698289930820465
1605908301.6140287,0.5332551002502441,-1.0633987188339233,0.49784213304519653
1605908301.7607424,0.5496198534965515,-1.1399654150009155,0.5275629758834839
1605908301.9656122,0.5832628607749939,-1.195758581161499,0.5547620058059692
1605908302.1707451,0.6543286442756653,-1.2267189025878906,0.5646496415138245
1605908302.3726373,0.7353706955909729,-1.2218862771987915,0.5643594861030579
1605908302.6419299,0.819104015827179,-1.1762505769729614,0.5469574928283691
1605908302.7771325,0.8796257376670837,-1.091649055480957,0.5016283988952637
1605908302.9793866,0.9270657896995544,-0.9585129618644714,0.45755770802497864
1605908303.183734,0.9543825387954712,-0.8369796872138977,0.43300414085388184
1605908303.3846838,0.9770455956459045,-0.7449111938476562,0.4049442410469055
1605908303.5880885,1.0068306922912598,-0.696280837059021,0.3976213037967682
1605908303.7920737,1.0412588119506836,-0.6944416761398315,0.4056203067302704
1605908303.994023,1.079293966293335,-0.6974226832389832,0.4060889184474945
1605908304.2265027,1.1508351564407349,-0.7487914562225342,0.38854584097862244
1605908304.4298127,1.1772323846817017,-0.7501239776611328,0.3855452239513397
1605908304.6064858,1.2040245532989502,-0.7396090030670166,0.39794087409973145
1605908304.8075924,1.2336912155151367,-0.7249913811683655,0.40083047747612
1605908305.0526576,1.264331579208374,-0.7118752002716064,0.40064969658851624
1605908305.213768,1.2836449146270752,-0.6957128643989563,0.3941883444786072
1605908305.4178698,1.2753314971923828,-0.6801560521125793,0.39351212978363037
1605908305.6690109,1.2463948726654053,-0.6816217303276062,0.38454556465148926
1605908305.8224342,1.21880304813385,-0.6814426183700562,0.3842252194881439
1605908306.0393527,1.2001229524612427,-0.6788626313209534,0.3889191448688507
1605908306.2281806,1.1794676780700684,-0.6723515391349792,0.394713819026947
1605908306.4404645,1.156261682510376,-0.6741918325424194,0.3956584632396698
1605908306.640455,1.1387381553649902,-0.6880099177360535,0.40142008662223816
1605908306.896518,1.1297242641448975,-0.7150524854660034,0.40676504373550415
