1604191330.9074075,0.0,0.0,0.0,2.2467928880508046,2.3649815750443905,
1604191331.110994,0.0,0.0,0.0,2.2388681487426347,2.359440044910987,
1604191331.3156512,0.0,0.0,0.0,2.2388681487426347,2.3599962615384977,
1604191331.520628,0.0,0.0,0.0,2.2343810982362973,2.3554069451824264,
1604191331.7259839,0.0,0.0,0.0,2.2305886442886513,2.3575564757909815,
1604191331.9281545,0.0,0.0,0.0,2.227021790783027,2.3584832880249933,
1604191332.1288362,0.0,0.0,0.0,2.2220996884373716,2.360818012531246,
1604191332.332383,0.0,0.0,0.0,2.223106791518152,2.3655898655596506,
1604191332.5351543,0.0,0.0,0.0,2.2186474907729123,2.368440965180733,
1604191332.7401843,0.0,0.0,0.0,2.2207265269474186,2.3676534035464853,
1604191332.9422734,0.0,0.0,0.0,2.2226848055349113,2.3602960154646007,
1604191333.164447,0.0,0.0,0.0,2.219218243801236,2.350049285174184,
1604191333.3534153,0.0,0.0,0.0,2.211866572034879,2.3414435953102184,
1604191333.5637903,0.0,0.0,0.0,2.1986489344590505,2.328114116383077,
1604191333.7956598,0.0,0.0,0.0,2.19972190475411,2.3206773941757444,
1604191333.9704623,0.0,0.0,0.0,2.2002054911076305,2.3129089920437136,
1604191334.1728308,0.0,0.0,0.0,2.1944755068595097,2.301362217190188,
1604191334.3761756,0.0,0.0,0.0,2.188517523113662,2.2837549998800792,
1604191334.5813687,0.0,0.0,0.0,2.1705867845895583,2.270433770675478,
1604191334.7882621,0.0,0.0,0.0,2.1499454765133583,2.247408739033289,
1604191334.990837,0.0,0.0,0.0,2.12717765855679,2.2200938785343793,
1604191335.195572,0.0,0.0,0.0,2.1035255320233017,2.1969071892468257,
1604191335.400086,0.0,0.0,0.0,2.0928777377214107,2.1729575245938584,
1604191335.6051705,0.0,0.0,0.0,2.075690809096103,2.1605853404755395,
1604191335.8369105,0.0,0.0,0.0,2.0652487353921174,2.120338662745437,
1604191336.014765,0.0,0.0,0.0,2.049177515977749,2.0915145605194234,
1604191336.2192178,0.0,0.0,0.0,2.0007318058852315,2.06171139156192,
1604191336.4205892,0.0,0.0,0.0,1.9729879474848524,2.0302131682736624,
1604191336.621367,0.0,0.0,0.0,1.9542526129828492,1.990718920944651,
1604191336.8240952,0.0,0.0,0.0,1.901716730344941,1.9469193673458927,
1604191337.0294762,0.0,0.0,0.0,1.8939678069535086,1.9445237367240749,
1604191337.233244,0.0,0.0,0.0,1.863975065021505,1.9207347277832558,
1604191337.4378605,0.0,0.0,0.0,1.8383029448144443,1.9035306940800396,
1604191337.6487293,0.0,0.0,0.0,1.820855382566606,1.878288667466798,
1604191337.8492155,0.0,0.0,0.0,1.7784880789639566,1.8466218482500492,
1604191338.054624,0.0,0.0,0.0,1.74143112356259,1.8076973649984103,
1604191338.2571287,0.0,0.0,0.0,1.70607214857065,1.7909504473481732,
1604191338.4993234,0.0,0.0,0.0,1.6733438690225868,1.791255862459107,
1604191338.6675994,0.0,0.0,0.0,1.6416566198616476,1.7918618888676168,
1604191338.8685997,0.0,0.0,0.0,1.614265447431344,1.7729992331168898,
1604191339.0728502,0.0,0.0,0.0,1.5687298983914915,1.7959019772974252,
1604191339.276479,0.0,0.0,0.0,1.5508359433299965,1.7758845071266698,
1604191339.4870086,0.0,0.0,0.0,1.5018689916854837,1.77042958543398,
1604191339.739388,0.0,0.0,0.0,1.4974658640215477,1.7770371430768472,
1604191339.8934944,0.0,0.0,0.0,1.4794764998132888,1.7440133393668753,
1604191340.1047354,0.0,0.0,0.0,1.4532187122699742,1.6929115550811635,
1604191340.3096092,0.0,0.0,0.0,1.4095807372585532,1.6575764757790776,
1604191340.511417,0.0,0.0,0.0,1.3551481455003183,1.6409512390848142,
1604191340.712033,0.0,0.0,0.0,1.306090842054405,1.6585923190688843,
1604191340.9171813,0.0,0.0,0.0,1.2076309199255164,1.6612378509991297,
1604191341.1347635,0.0,0.0,0.0,1.1656466715453804,1.7376889008012595,
1604191341.345634,0.0,0.0,0.0,1.0677516724657148,1.7528451966802259,
1604191341.5496247,0.0,0.0,0.0,0.9326166485536512,1.7235279576538904,
1604191341.7504551,0.0,0.0,0.0,0.8394215838682261,1.7244388025435506,
1604191341.9558053,0.0,0.0,0.0,0.789935656843516,1.6646661136945657,
1604191342.1588092,0.0,0.0,0.0,0.85469946971098,1.5679896953966597,
1604191342.3600879,0.0,0.0,0.0,0.992113748760855,1.4657701864006403,
1604191342.5747056,0.0,0.0,0.0,1.0025914146756456,1.3897119845201442,
1604191342.7800765,0.0,0.0,0.0,1.0036941855978274,1.3122509767893433,
1604191342.985129,0.0,0.0,0.0,1.0110898572532339,1.3160798193596999,
1604191343.1904716,0.0,0.0,0.0,1.0093376959293285,1.3134084310379277,
1604191343.391202,0.0,0.0,0.0,1.0057130420459888,1.3120605967148593,
1604191343.59659,0.0,0.0,0.0,0.9921271701081799,1.3020181798903152,
1604191343.8019006,0.0,0.0,0.0,0.9888793658850817,1.2969243804057395,
1604191344.0072796,0.0,0.0,0.0,0.9875830055387955,1.2914350449533536,
1604191344.208979,0.0,0.0,0.0,1.0006521497637497,1.2970737544627402,
1604191344.4143658,0.0,0.0,0.0,1.0208609060570908,1.302528116104871,
1604191344.617197,0.0,0.0,0.0,1.0364293221229375,1.3137540496541977,
1604191344.8196127,0.0,0.0,0.0,1.0281736303289974,1.3137668064111911,
1604191345.0214002,0.0,0.0,0.0,1.0156431277006908,1.3106933928211535,
1604191345.2250693,0.0,0.0,0.0,1.0069143878074005,1.3107569836789479,
1604191345.4268196,0.0,0.0,0.0,0.9954278272954356,1.3056740803042826,
1604191345.6281526,0.0,0.0,0.0,0.9943584263861031,1.313444768614557,
1604191345.8335068,0.0,0.0,0.0,1.0041953841366673,1.3275017223073784,
1604191346.0357184,0.0,0.0,0.0,1.0041953841366673,1.3397660814713281,
1604191346.2383666,0.0,0.0,0.0,1.0053228921098387,1.332989576949934,
1604191346.4431784,0.0,0.0,0.0,1.0052863399828034,1.3078364304093943,
1604191346.6827943,0.0,0.0,0.0,1.0024168590904696,1.2807434949791794,
1604191346.8553867,0.0,0.0,0.0,0.9925520667567885,1.260147181807651,
1604191347.0600142,0.0,0.0,0.0,0.9705253425967633,1.2363802554824783,
1604191347.3020773,0.0,0.0,0.0,0.915959246582957,1.2119305508670994,
1604191347.4672365,0.0,0.0,0.0,0.8285856268586288,1.1888851326699212,
1604191347.6677594,0.0,0.0,0.0,0.738363051346823,1.1639766503775975,
1604191347.9270277,0.0,0.0,0.0,0.6984202589097347,1.1639766503775975,
1604191348.0721743,0.0,0.0,0.0,0.6507156934042936,1.13429919757687,
1604191348.2751138,0.0029800186418181837,0.00037410384074997624,6.997119497339051e-06,0.6194013615712495,1.1395062848191393,
1604191348.5549212,0.0028171610868177365,0.00033249492353769377,1.457903781807874e-05,0.6202683757189993,1.1009739483814647,
1604191348.689128,0.016094169850448755,0.002406132367374635,0.00013581658741223097,0.578031916333053,1.0801521395621985,
1604191348.892909,0.0343874271317739,0.005380844161340414,0.0008514107915458208,0.543693655240268,1.0590627484070776,
1604191349.0961926,0.06453118960097748,0.008866933833831026,0.0013031447638301213,0.5026457994171275,1.036019457921217,
1604191349.3011937,0.09546105931017139,0.012289617501638593,0.0008210536893246573,0.4686411619907438,1.0134090759952665,
1604191349.5055625,0.12365286504237902,0.016483547234518506,-0.00012008541186858104,0.44116813174970176,0.9852580107588885,
1604191349.7077723,0.13689182297036517,0.021104779929384112,-0.0035047652458749883,0.4286453906244153,0.9701022707199254,
1604191349.9101343,0.15955346050753563,0.02663559744803068,-0.006776032461844014,0.4083176854094959,0.9663385953867735,
1604191350.1287339,0.18887663585468378,0.03331381069678959,-0.009292214805477214,0.38325455658569724,0.9711485514866854,
1604191350.331221,0.1887113343396204,0.03517662686713251,-0.009343309854091009,0.3831127871049381,0.98401769996882,
1604191350.536405,0.2087875826040418,0.038814710503656875,-0.014730737313495298,0.36621410224208445,0.9737615238450357,
1604191350.7417676,0.24331324429455453,0.06126462827946538,-0.03341682116898329,0.33299772509428743,0.9595414799450196,
1604191351.0217054,0.25719552664517886,0.08511316501271338,-0.03970126745612269,0.31589215670701876,0.940902559622345,
1604191351.1498802,0.25703808499559505,0.10553454264880653,-0.042190607879263195,0.3097908563531776,0.9382898919912578,
1604191351.3552527,0.24784122640034517,0.1220176535479944,-0.04729249093678523,0.30990813294261543,0.9755227096966128,
1604191351.6057022,0.22692252666821064,0.13999303309220176,-0.04616458544825965,0.31783787562947585,0.9760761056938223,
1604191351.821942,0.19744668310371355,0.14878347321633137,-0.05624180988764443,0.3301772046539543,1.00303218237009,
1604191351.9664683,0.168859961332111,0.17427659548500485,-0.0778660541864331,0.32568288137703383,1.0323129648662037,
1604191352.17191,0.12423944546850076,0.19661982944253814,-0.09652611171394597,0.32417067080069617,1.0533221101512975,
1604191352.3749573,0.07645281116903829,0.19974478189295505,-0.08954072423988395,0.3409074918879428,1.0974749842848013,
1604191352.579204,0.043496914543030556,0.17807054229227384,-0.06925794585725292,0.37266559898266055,1.1216849698141205,
1604191352.7902615,0.01818572555609395,0.14308597215051455,-0.049134165481382656,0.41137889153435697,1.1586862101024953,
1604191352.9892197,-0.00019637424273276135,0.10891580647504003,-0.03428478733892307,0.4473318452696699,1.1992046099169476,
1604191353.192449,-0.011323646473509,0.06691944977266916,-0.021966370176911162,0.4924889880594842,1.2529317268153297,
1604191353.3977253,-0.008913165001141518,0.027359555444143605,-0.009174781261292278,0.5494411764114528,1.316787650934932,
1604191353.5981488,-0.0030660192889271384,0.006712848092222893,-0.0021429068746147547,0.6000991169627756,1.3632333456899406,
1604191353.7993612,-0.0008079108370343568,0.001385060344117206,-0.00039724078021688284,0.6270969173882885,1.3801059248772036,
1604191354.002683,-0.0005290350822651997,0.0006838641166878912,-0.00016600137673741623,0.6333733787079756,1.3607554145311012,
1604191354.2062414,-0.0022450635882556736,0.0021981996116544607,-0.00045988472122168093,0.6184020072899076,1.315139128859585,
1604191354.4090896,-0.0060152911071107975,0.00415370760312614,-0.0008969425296942511,0.6017419382857339,1.260074827606781,
1604191354.611527,-0.00226998215139238,0.000795576579088753,-0.00013063307016637814,0.6226014388480231,1.21129263325867,
1604191354.8192005,0.0,0.0,0.0,0.6631430874790103,1.1825028470847212,
1604191355.0235288,0.0,0.0,0.0,0.707461522983807,1.170277581080215,
1604191355.2290223,0.0,0.0,0.0,0.7488429728951655,1.1674680085212015,
1604191355.4339771,0.0,0.0,0.0,0.7785079371922164,1.1725021175674295,
1604191355.6450145,0.0,0.0,0.0,0.809926363566001,1.1791323142483368,
1604191355.8491426,0.0,0.0,0.0,0.8383440022403256,1.1845972357015044,
1604191356.0532546,0.0,0.0,0.0,0.8780974549424995,1.198397927769957,
1604191356.2583134,0.0,0.0,0.0,0.9168066728271904,1.2247596177375906,
1604191356.460652,0.0,0.0,0.0,0.9492603553472116,1.269359709996806,
1604191356.6622314,0.0,0.0,0.0,0.9630067821106574,1.306946080793313,
1604191356.869743,0.0,0.0,0.0,0.9602668892492555,1.3079695616251568,
1604191357.0750957,0.0,0.0,0.0,0.9538824806251364,1.2800794165391849,
1604191357.2795696,0.0,0.0,0.0,0.9521797095777482,1.2540058598160273,
1604191357.4832134,0.0,0.0,0.0,0.956223409117478,1.248425421459684,
1604191357.687906,0.0,0.0,0.0,0.9715479277173105,1.2600293283158732,
1604191357.8930538,0.0,0.0,0.0,0.9762231816068397,1.2698129169648371,
