1604191330.6466348,0.0,0.0,0.0,1.5215342239716334,1.0928269415860956,
1604191330.8471994,0.0,0.0,0.0,1.5251109273918055,1.0928376692315989,
1604191331.0481691,0.0,0.0,0.0,1.5245303469151592,1.0848689457630567,
1604191331.2548282,0.0,0.0,0.0,1.5126488627396728,1.0850326998083644,
1604191331.4601948,0.0,0.0,0.0,1.5113683705328933,1.0840397055680835,
1604191331.6630907,0.0,0.0,0.0,1.509934378729668,1.0836397800222144,
1604191331.865483,0.0,0.0,0.0,1.5140117379302416,1.0842354779062184,
1604191332.067911,0.0,0.0,0.0,1.5161512627511315,1.0814888846680992,
1604191332.2762806,0.0,0.0,0.0,1.5149858107212633,1.0794684516219277,
1604191332.4810796,0.0,0.0,0.0,1.5079143986246575,1.0752520829512568,
1604191332.6849017,0.0,0.0,0.0,1.498253992076651,1.0641529500686429,
1604191332.8889556,0.0,0.0,0.0,1.4978883261244909,1.0578968571431742,
1604191333.0942318,0.0,0.0,0.0,1.4836104795114244,1.0571678495872747,
1604191333.2981966,0.0,0.0,0.0,1.4622025349965033,1.0497031693191632,
1604191333.5005112,0.0,0.0,0.0,1.4416811699302134,1.0359004478017837,
1604191333.7027314,0.0,0.0,0.0,1.4217018725839325,1.01792267710292,
1604191333.9057546,0.0,0.0,0.0,1.404010057996484,0.9999724514048218,
1604191334.1131032,0.0,0.0,0.0,1.3820592553031803,0.9794418947356839,
1604191334.3179066,0.0,0.0,0.0,1.3585770059422237,0.9579570365357734,
1604191334.5237062,0.0,0.0,0.0,1.3585770059422237,0.9483826625479101,
1604191334.7296257,0.0,0.0,0.0,1.3140297742765188,0.920176043767172,
1604191334.9349952,0.0,0.0,0.0,1.2885585497814456,0.9081415833467056,
1604191335.163757,0.0,0.0,0.0,1.2669259344418922,0.8878872348931254,
1604191335.3527884,0.0,0.0,0.0,1.2594354019185066,0.8707240577461572,
1604191335.5561445,0.0,0.0,0.0,1.2420732083931822,0.8403758271391556,
1604191335.7615457,0.0,0.0,0.0,1.2310402618265535,0.8033136379538952,
1604191335.964912,0.0,0.0,0.0,1.2006568520301248,0.7584900981794785,
1604191336.2133722,0.0,0.0,0.0,1.1627786220918683,0.7129988358843775,
1604191336.371604,0.0,0.0,0.0,1.118909116958843,0.6786248962174316,
1604191336.577051,4.58361436612817e-05,-4.436399514044686e-06,1.3168890745381874e-06,1.079523442150976,0.6462325478838973,
1604191336.8576477,0.0027679066745349822,-0.00027962705676509903,0.00010080556747406474,1.0346043707903443,0.6205415869878325,
1604191336.982552,0.0156247953184402,-0.0014980277123191053,0.0005911123518388767,0.9850976956406098,0.5793000350140292,
1604191337.1868606,0.03341030883672608,-0.005908034806204227,0.0017509028841554601,0.9215579659752342,0.5449864027409277,
1604191337.3899522,0.03754667051993243,-0.0041589034461687316,0.001996564819700273,0.903862721509537,0.5389844606333406,
1604191337.5955145,0.06257203049508231,-0.005324664582241246,0.0030701084490863738,0.8589818232862994,0.5053220345336393,
1604191337.8008733,0.09960125348205391,-0.004322197414992312,0.0040037432159166315,0.8231572978503227,0.4650324698704615,
1604191338.0063188,0.14257584141804244,0.0164050268163939,0.007645583836399128,0.7574648320834513,0.42396894873390073,
1604191338.2096016,0.15015179049169836,0.025145867307049225,0.008863723909654415,0.7151484366583476,0.41628657619333587,
1604191338.4149852,0.1496759444854623,0.025083735171663193,0.011742022857948122,0.6623267699093736,0.41640067953082766,
1604191338.6305072,0.1362837731286998,0.02747673867718027,0.0068444674355550034,0.6134110951704326,0.4294715984536463,
1604191338.8797474,0.14936866703699844,0.040823122120272885,0.005113403371958996,0.560578924465019,0.4233028539806339,
1604191339.046089,0.15646497397953546,0.10020419071711126,0.009804251485151242,0.48894383806441494,0.42529760400809447,
1604191339.2499728,0.15452936901342165,0.13871245691244272,0.013320739096761765,0.4598103612643574,0.427553935272948,
1604191339.4556892,0.15723692334226302,0.2205993244088481,0.021281686969760828,0.39676990117319677,0.4267347555355901,
1604191339.6667302,0.16638641760315595,0.32524236209216256,0.027691945662713865,0.3297096693208431,0.4134363187894384,
1604191339.872078,0.14823774058691866,0.36786212675317365,0.04160797513462425,0.33248356379480726,0.3821188207001675,
1604191340.0774033,0.10289839766275227,0.40502872848069893,0.05992739182970083,0.3463260785625626,0.3552929026682556,
1604191340.2778904,0.028214198426197046,0.4194725537257261,0.064990396354986,0.3416512311005053,0.3619240606442875,
1604191340.5268705,-0.03390875788901987,0.3179842223096431,0.037886363830909826,0.38154229807878776,0.41659206537164567,
1604191340.6849985,-0.029992256134630104,0.14662155358401346,0.017761430435076553,0.46672458914369586,0.5039564807691813,
1604191340.8877695,-0.005600029171543574,0.0208908676511056,0.002641645474979702,0.5828877596042656,0.595127945261866,
1604191341.0922263,0.0,0.0,0.0,0.7032153570993297,0.6926545231287597,
1604191341.2929132,0.0,0.0,0.0,0.8245572469276372,0.7676447410692752,
1604191341.495623,0.0,0.0,0.0,0.9026111065444726,0.792965988957209,
1604191341.6982656,0.0,0.0,0.0,0.9373393182677798,0.7677226161785956,
1604191341.9215205,0.0,0.0,0.0,0.8505604898544152,0.8251499730842655,
1604191342.1004257,0.0,0.0,0.0,0.8099456208905655,0.6783774588427756,
1604191342.306563,0.0,0.0,0.0,0.7028526138605998,0.705792286953472,
1604191342.5103173,0.0,0.0,0.0,0.7072238254331215,0.7008169364805952,
1604191342.7118497,0.0,0.0,0.0,0.7127543275170929,0.7178262572843358,
1604191342.9159262,0.0,0.0,0.0,0.7211775480255408,0.7344875990858395,
1604191343.1211195,0.0,0.0,0.0,0.7316069454188402,0.7422363672976173,
1604191343.3267372,0.0,0.0,0.0,0.7253917529874164,0.7477545954196352,
1604191343.5304825,0.0,0.0,0.0,0.7276933543902183,0.7331404934046842,
1604191343.737171,0.0,0.0,0.0,0.7169809294822924,0.7235398396434644,
1604191344.007536,0.0,0.0,0.0,0.7123512178380321,0.7067483974946654,
1604191344.143029,0.0,0.0,0.0,0.7030818036155281,0.7127721593010045,
1604191344.3438628,0.0,0.0,0.0,0.6882827587357977,0.7139109169541924,
1604191344.5445893,0.0,0.0,0.0,0.6870744853632482,0.7118894494928846,
1604191344.74998,0.0,0.0,0.0,0.7004189520833504,0.7090113130302771,
1604191344.9506574,0.0,0.0,0.0,0.7200628510199542,0.7011980483556587,
1604191345.1560683,0.0,0.0,0.0,0.7310291279328649,0.6945581543958937,
1604191345.35719,0.0,0.0,0.0,0.7359078108408477,0.6929681691516612,
1604191345.558547,0.0,0.0,0.0,0.737086995040243,0.7058418906655695,
1604191345.7636325,0.0,0.0,0.0,0.7331085024022597,0.7123747826973694,
1604191345.969009,0.0,0.0,0.0,0.7352086608532973,0.7281398276666249,
1604191346.1744025,0.0,0.0,0.0,0.7322545374999248,0.7128408065865164,
1604191346.379243,0.0,0.0,0.0,0.721631419273984,0.7126211780595687,
1604191346.5836837,0.0,0.0,0.0,0.7143941440217021,0.7466519358036081,
1604191346.7842462,0.0,0.0,0.0,0.7182797465531937,0.7830300700387881,
1604191346.9898922,0.0,0.0,0.0,0.7419293440364124,0.818481456531729,
1604191347.2022305,0.0,0.0,0.0,0.7255126173883775,0.8062036773724959,
1604191347.403057,0.0,0.0,0.0,0.7406076125241198,0.7916834588128604,
1604191347.6410763,0.0,0.0,0.0,0.7906917756997915,0.758587293550883,
1604191347.808299,0.0,0.0,0.0,0.8053389394599109,0.7480564328315059,
1604191348.0136414,0.0,0.0,0.0,0.8511334980175258,0.7436750359515027,
1604191348.2297456,0.0,0.0,0.0,0.8247987836560472,0.7149921326171295,
1604191348.4329739,0.0,0.0,0.0,0.8186144990137616,0.7572878906597887,
1604191348.634801,0.0,0.0,0.0,0.8084437778015201,0.7764816133751586,
1604191348.839184,0.0,0.0,0.0,0.795560475347048,0.7935811329437612,
1604191349.0428605,0.0,0.0,0.0,0.791385334843653,0.79745416423411,
1604191349.2481456,0.0,0.0,0.0,0.7868478592720927,0.7928730099341051,
1604191349.4538312,0.0,0.0,0.0,0.7570885500228133,0.7608533284205595,
1604191349.6592515,0.0,0.0,0.0,0.7773755405005974,0.7954950533339991,
1604191349.8609936,0.0,0.0,0.0,0.7932030607575983,0.7993035706889055,
1604191350.0653741,0.0,0.0,0.0,0.7849646314618172,0.8063935037961978,
1604191350.266647,0.0,0.0,0.0,0.7958293986058931,0.8041579365830288,
1604191350.4711802,0.0,0.0,0.0,0.7971850718823885,0.7897344980673185,
1604191350.6716344,0.0,0.0,0.0,0.8004233360253558,0.7790683064702353,
1604191350.876934,0.0,0.0,0.0,0.8001833033708218,0.76574368847486,
1604191351.080959,0.0,0.0,0.0,0.804173567649589,0.7633104494481433,
1604191351.2822785,0.0,0.0,0.0,0.7858881409680641,0.7283287971992821,
1604191351.4876163,0.0,0.0,0.0,0.7631150072152253,0.7242452669094901,
1604191351.693013,0.0,0.0,0.0,0.7356485978053176,0.7256742164829652,
1604191351.9055462,-6.624396094929212e-06,3.48100187296002e-06,2.3469265635308793e-07,0.7472676740825857,0.6484819005700683,
1604191352.1054475,-0.0005392118045128264,0.00028458655543983055,1.7393951764481647e-05,0.7560721628966419,0.636261519147692,
1604191352.309231,-0.003311021369548648,0.0018323218757455742,8.996043115640383e-05,0.7513859428892276,0.6156142677373393,
1604191352.5124214,-0.012225095950618544,0.007030639098434538,0.0002626659279000915,0.7211070365795046,0.5830845504400064,
1604191352.7644935,-0.02166132727837885,0.013629300443727033,0.0012481213216760684,0.6871279787738142,0.5591835073203647,
1604191352.9379036,-0.028700319933345625,0.019289477927989282,0.003033770742133586,0.6767193206092851,0.5437068494976415,
1604191353.1427987,-0.0037838067875836925,0.002487998842942394,0.00014783160487648033,0.6999748865554296,0.6123467509590443,
1604191353.3463228,-0.0002611350859037298,0.00017637035360413867,3.210965371046724e-06,0.7079287967793279,0.6401348086836778,
1604191353.551179,0.0,0.0,0.0,0.75040413091512,0.7334023314883334,
1604191353.810915,0.0,0.0,0.0,0.7614592805533029,0.7699215495469014,
1604191353.9601943,0.0,0.0,0.0,0.7671508630700358,0.7913787803299448,
1604191354.1633437,0.0,0.0,0.0,0.7553043757532304,0.7895697888294526,
1604191354.3677993,0.0,0.0,0.0,0.7468501914575602,0.7612049835252596,
1604191354.5684743,0.0,0.0,0.0,0.8038168906445814,0.7403203316434928,
1604191354.7690752,0.0,0.0,0.0,0.7197684985278335,0.7656092856562949,
1604191354.9744828,0.0,0.0,0.0,0.7437226042198744,0.7988300289148712,
1604191355.1789975,0.0,0.0,0.0,0.77372090549813,0.8318723662907324,
1604191355.3897815,0.0,0.0,0.0,0.7881449131696823,0.8346196596302041,
1604191355.5952125,0.0,0.0,0.0,0.7879681586933013,0.7997313322353915,
1604191355.8172176,0.0,0.0,0.0,0.7862207634609815,0.726222933640294,
1604191356.0053017,0.0,0.0,0.0,0.784649889935682,0.704972310189036,
1604191356.2099154,0.0,0.0,0.0,0.7728141563349956,0.6760916859023907,
1604191356.41246,-0.0014145368862192498,0.0008586338645781774,6.36911338184939e-05,0.7408361022308866,0.6273144669703187,
1604191356.6233742,0.0,0.0,0.0,0.7352831368932528,0.6738647576191458,
1604191356.824617,0.0,0.0,0.0,0.7111279281718116,0.677621296361664,
1604191357.0252583,0.0,0.0,0.0,0.7116566640848214,0.6643728425028151,
1604191357.2270904,0.0,0.0,0.0,0.7211028908017298,0.6597638866351755,
1604191357.428755,0.0,0.0,0.0,0.7189185090721559,0.6933087005672072,
1604191357.632368,0.0,0.0,0.0,0.7202742607458333,0.7003765710912659,
