1604191330.576541,0.0,0.0,0.0,1.6573084246137144,1.0903795242368641,
1604191330.8314786,0.0,0.0,0.0,1.656149046788005,1.0928376692315989,
1604191330.9669585,0.0,0.0,0.0,1.6574699683820022,1.0862893409284673,
1604191331.179488,0.0,0.0,0.0,1.655984572514322,1.0844376782404008,
1604191331.4023764,0.0,0.0,0.0,1.6577936136077411,1.0840397055680835,
1604191331.6042724,0.0,0.0,0.0,1.6628962894736685,1.0836397800222144,
1604191331.8330424,0.0,0.0,0.0,1.6628962894736685,1.0837664792502102,
1604191332.0144167,0.0,0.0,0.0,1.6663309289562116,1.0808100894459503,
1604191332.2165537,0.0,0.0,0.0,1.6567982789896107,1.0800675658781855,
1604191332.432699,0.0,0.0,0.0,1.6402258264324785,1.081416283932476,
1604191332.6254864,0.0,0.0,0.0,1.630949502964609,1.0747049277257428,
1604191332.8295817,0.0,0.0,0.0,1.617700661905934,1.0578968571431742,
1604191333.051707,0.0,0.0,0.0,1.6182085235313017,1.06039189760892,
1604191333.2313294,0.0,0.0,0.0,1.6013719260763375,1.0535163418890452,
1604191333.433273,0.0,0.0,0.0,1.5848590142440635,1.0445290374851142,
1604191333.6351595,0.0,0.0,0.0,1.5618974980854998,1.0272109986079316,
1604191333.8838108,0.0,0.0,0.0,1.538272420534023,1.0078184324895367,
1604191334.0442374,0.0,0.0,0.0,1.5181304264373936,0.9936783260322634,
1604191334.249547,0.0,0.0,0.0,1.483911603176124,0.966735602328697,
1604191334.4914699,0.0,0.0,0.0,1.4683112059425387,0.9483826625479101,
1604191334.6918776,0.0,0.0,0.0,1.436689347968853,0.9271719411678871,
1604191334.8754978,0.0,0.0,0.0,1.4023562312075066,0.9081415833467056,
1604191335.0655463,0.0,0.0,0.0,1.3709003440893484,0.8878872348931254,
1604191335.2681785,0.0,0.0,0.0,1.3476286519772718,0.8707240577461572,
1604191335.4692392,0.0,0.0,0.0,1.3263784375431897,0.8403758271391556,
1604191335.670284,0.0,0.0,0.0,1.2908010689242169,0.8302765335569007,
1604191335.873996,0.0,0.0,0.0,1.2475204769226822,0.7584900981794785,
1604191336.106026,0.0,0.0,0.0,1.1989446741068817,0.7129988358843775,
1604191336.290325,0.0,0.0,0.0,1.1556026841356903,0.697491513821045,
1604191336.4939744,0.0,0.0,0.0,1.115421210784087,0.6646967607562942,
1604191336.8251128,-0.0027679066745349822,0.00027962705676509903,-0.00010080556747406474,1.077083461068221,0.6205415869878325,
1604191336.9009538,-0.0027679066745349822,0.00027962705676509903,-0.00010080556747406474,1.0614951628082943,0.6205415869878325,
1604191337.10408,-0.02257523156678979,0.00283721260258914,-0.0009267682065099232,1.0142525374988538,0.5645260525424968,
1604191337.306276,-0.03754667051993243,0.0041589034461687316,-0.001996564819700273,0.9609652066138186,0.5389844606333406,
1604191337.5210578,-0.06257203049508231,0.005324664582241246,-0.0030701084490863738,0.9066752385186405,0.5053220345336393,
1604191337.7468657,-0.09960125348205391,0.004322197414992312,-0.0040037432159166315,0.8537074751207876,0.4650324698704615,
1604191337.9205804,-0.11222557618076452,-0.004086221805245498,-0.005294225837126414,0.7944740555684086,0.4526366056036705,
1604191338.1531343,-0.16150518220710322,-0.012960772488944733,-0.006488662524167436,0.7310069703827197,0.4081126196030385,
1604191338.3270907,-0.17795611625830543,-0.019709888983761106,-0.009199601928074824,0.6564385738859695,0.3937048889815166,
1604191338.5323613,-0.16921598834966425,-0.016462624697982896,-0.00930653158462064,0.6121968605525976,0.4024852883690828,
1604191338.7409697,-0.15265539529036587,-0.0010464505087091833,-0.0042586709541632215,0.5741040569169308,0.4233028539806339,
1604191338.9411633,-0.14125332791671238,0.014645677346260443,-0.0017167686979521917,0.5256874547117799,0.44921532870633446,
1604191339.1430817,-0.199581491283789,0.030874509749223865,-9.42084547990666e-05,0.47168128236490475,0.427553935272948,
1604191339.3456924,-0.2203401483137521,0.040748021683857584,0.0033336619803870605,0.422791057556221,0.4540593055349069,
1604191339.5466802,-0.29150206181834504,0.03219067916828931,0.001131676266952414,0.3737841580822431,0.4447915256537839,
1604191339.7502625,-0.3746869192241684,-0.0037192535273401633,-0.015529461136616372,0.328815557324659,0.41663074602497024,
1604191339.954741,-0.39973245517685596,-0.03157404806145403,-0.027590338302359026,0.3294072592202745,0.3821188207001675,
1604191340.1605172,-0.4446323241503566,-0.11517493807951293,-0.048076319990499786,0.2688190748366479,0.3697858108774063,
1604191340.362157,-0.4057435237647148,-0.19500535650637416,-0.028614199959193017,0.26826984379442,0.3939505526155342,
1604191340.5716255,-0.34979691317556977,-0.19724400294082234,-0.013689968880981809,0.28917898266949565,0.41659206537164567,
1604191340.767364,-0.23600592175020949,-0.11170715797833704,0.0021184940805651954,0.3562513672650908,0.5039564807691813,
1604191341.0395062,-0.014674882793874262,-0.003691177269662027,-2.4133382357738032e-05,0.5806514063892214,0.6819815609862978,
1604191341.202449,-0.014674882793874262,-0.003691177269662027,-2.4133382357738032e-05,0.5806514063892214,0.6926545231287597,
1604191341.3797667,0.0,0.0,0.0,0.6911604593239924,0.7676447410692752,
1604191341.5817604,0.0,0.0,0.0,0.7926777147259566,0.8951883249392769,
1604191341.790988,0.0,0.0,0.0,0.9631584380169067,0.7677226161785956,
1604191341.9914377,0.0,0.0,0.0,0.9385426622548646,0.7472581178296689,
1604191342.1956496,0.0,0.0,0.0,0.868139935943834,0.705792286953472,
1604191342.4028838,0.0,0.0,0.0,0.884009039753857,0.705792286953472,
1604191342.6025045,0.0,0.0,0.0,0.822149375102318,0.7263926348524091,
1604191342.807516,0.0,0.0,0.0,0.8273782048901981,0.7307218727651835,
1604191343.012545,0.0,0.0,0.0,0.8462813393281958,0.7425600627378693,
1604191343.2172172,0.0,0.0,0.0,0.8527076327218627,0.7477545954196352,
1604191343.4177353,0.0,0.0,0.0,0.8516291201345134,0.7439178685237944,
1604191343.6295931,0.0,0.0,0.0,0.821172974994255,0.7287697600862836,
1604191343.8224363,0.0,0.0,0.0,0.7860065970503191,0.7122386075960008,
1604191344.0245907,0.0,0.0,0.0,0.7721092046980232,0.7067483974946654,
1604191344.225624,0.0,0.0,0.0,0.7692221709787851,0.7078657440542176,
1604191344.4308708,0.0,0.0,0.0,0.771945192879759,0.7139109169541924,
1604191344.6362293,0.0,0.0,0.0,0.7847607375833185,0.7118894494928846,
1604191344.8407426,0.0,0.0,0.0,0.7837890236236892,0.7090113130302771,
1604191345.0425103,0.0,0.0,0.0,0.7806299711066148,0.6945581543958937,
1604191345.2460515,0.0,0.0,0.0,0.7772915780185705,0.6945581543958937,
1604191345.4513493,0.0,0.0,0.0,0.7702185700686823,0.6929681691516612,
1604191345.6542387,0.0,0.0,0.0,0.7781609497154839,0.7058418906655695,
1604191345.8556967,0.0,0.0,0.0,0.7942219997158969,0.7225751705584367,
1604191346.1041057,0.0,0.0,0.0,0.7998955004110717,0.7143307076330689,
1604191346.259112,0.0,0.0,0.0,0.7894967716725012,0.7164529149353076,
1604191346.4643166,0.0,0.0,0.0,0.7887550496803122,0.7126211780595687,
1604191346.6706533,0.0,0.0,0.0,0.7977296972415451,0.7457464887671014,
1604191346.8756766,0.0,0.0,0.0,0.8311686370582421,0.7830300700387881,
1604191347.077326,0.0,0.0,0.0,0.8513384734884044,0.806615966755852,
1604191347.3975804,0.0,0.0,0.0,0.8288070469099212,0.8062036773724959,
1604191347.5068176,0.0,0.0,0.0,0.7962045688228415,0.7916834588128604,
1604191347.6833723,0.0,0.0,0.0,0.8061643000193648,0.7760680955687651,
1604191347.8998141,0.0,0.0,0.0,0.8068105874139283,0.7480564328315059,
1604191348.0944815,0.0,0.0,0.0,0.7842859030048422,0.7436750359515027,
1604191348.2957892,0.0,0.0,0.0,0.7723078751341869,0.71354766413806,
1604191348.5017486,0.0,0.0,0.0,0.7823671613186869,0.7572878906597887,
1604191348.6992135,0.0,0.0,0.0,0.7852186192775342,0.7764816133751586,
1604191348.9031591,0.0,0.0,0.0,0.7945500164257598,0.7662397311110364,
1604191349.1219456,0.0,0.0,0.0,0.8105119871069275,0.79745416423411,
1604191349.3122375,0.0,0.0,0.0,0.8152264782800895,0.7928730099341051,
1604191349.5326967,0.0,0.0,0.0,0.8076897207991937,0.7946799457847762,
1604191349.7404842,0.0,0.0,0.0,0.7992961789840162,0.7671227844998364,
1604191349.9362962,0.0,0.0,0.0,0.806626964005047,0.7792367302844222,
1604191350.1400204,0.0,0.0,0.0,0.8223046651853206,0.8063935037961978,
1604191350.3454368,0.0,0.0,0.0,0.8396383409393768,0.8041579365830288,
1604191350.5483313,0.0,0.0,0.0,0.8356003202697515,0.7725630825798186,
1604191350.7536924,0.0,0.0,0.0,0.8007007184573459,0.76574368847486,
1604191350.9628313,0.0,0.0,0.0,0.78341990844423,0.744901513920109,
1604191351.1611292,0.0,0.0,0.0,0.785055550093134,0.7607019871532851,
1604191351.3722112,0.0,0.0,0.0,0.8000479803271594,0.7605915633121745,
1604191351.5787714,0.0,0.0,0.0,0.8067623861106828,0.7595546497349567,
1604191351.778965,0.0,0.0,0.0,0.7790084074386164,0.690700220038598,
1604191351.9901836,0.0,0.0,0.0,0.8199446637320544,0.683901535988252,
1604191352.188927,0.0,0.0,0.0,0.8211409384785261,0.677735314089242,
1604191352.3942575,0.0,0.0,0.0,0.8023370857571797,0.6527658106657,
1604191352.5948734,0.0016262868258945112,-0.0009734928282506478,-3.151275291429605e-05,0.7845698229998768,0.6257250084595858,
1604191352.8067575,0.004177483462785385,-0.0027705044205270754,-0.0002347254172699593,0.7767859408625022,0.6103460643996407,
1604191352.9995208,0.005219559638080591,-0.0035450062003672066,-0.00033653285882971883,0.7759519899479451,0.6054452874686691,
1604191353.2401404,0.0037838067875836925,-0.002487998842942394,-0.00014783160487648033,0.79154166388969,0.6123467509590443,
1604191353.4189222,0.0002611350859037298,-0.00017637035360413867,-3.210965371046724e-06,0.8106254471247856,0.6401348086836778,
1604191353.608484,0.0,0.0,0.0,0.8180621656944759,0.6865323257492457,
1604191353.8106046,0.0,0.0,0.0,0.8150582284659079,0.7699215495469014,
1604191354.012996,0.0,0.0,0.0,0.8054846716268403,0.7752008582502175,
1604191354.2176566,0.0,0.0,0.0,0.8009555675287208,0.7895697888294526,
1604191354.4273562,0.0,0.0,0.0,0.8805378542845129,0.7612049835252596,
1604191354.6392596,0.0,0.0,0.0,0.8629086719041532,0.7347651828246193,
1604191354.8341286,0.0,0.0,0.0,0.8413887599640283,0.7586647001684447,
1604191355.035622,0.0,0.0,0.0,0.8546516537854673,0.7988300289148712,
1604191355.24566,0.0,0.0,0.0,0.8187614762034493,0.8165502445643303,
1604191355.4500747,0.0,0.0,0.0,0.8121168216159148,0.8346196596302041,
1604191355.655196,0.0,0.0,0.0,0.8071024306852198,0.7997313322353915,
1604191355.8646927,0.0,0.0,0.0,0.800517047332701,0.7453446483367082,
1604191356.063429,0.0,0.0,0.0,0.7861195742028715,0.704972310189036,
1604191356.268468,0.0,0.0,0.0,0.7828355289434915,0.6760916859023907,
1604191356.4761665,0.0,0.0,0.0,0.7976359812592968,0.6671296675470567,
1604191356.6723115,0.0,0.0,0.0,0.8115109993564874,0.6738647576191458,
1604191356.8757832,0.0,0.0,0.0,0.8025271936653828,0.677621296361664,
1604191357.0861208,0.0,0.0,0.0,0.7728268849121293,0.6643728425028151,
1604191357.2863266,0.0,0.0,0.0,0.7488906003878217,0.6597638866351755,
1604191357.491744,0.0,0.0,0.0,0.7516200194126462,0.6933087005672072,
