1604191330.608828,0.0,0.0,0.0,1.6573084246137144,1.5215342239716334,
1604191330.814692,0.0,0.0,0.0,1.656149046788005,1.5251109273918055,
1604191331.0166385,0.0,0.0,0.0,1.6574699683820022,1.5245303469151592,
1604191331.243033,0.0,0.0,0.0,1.6556368205300762,1.5126488627396728,
1604191331.43561,0.0,0.0,0.0,1.6577936136077411,1.5113683705328933,
1604191331.6415,0.0,0.0,0.0,1.6628962894736685,1.509934378729668,
1604191331.8548946,0.0,0.0,0.0,1.6661772876168828,1.5140117379302416,
1604191332.0467355,0.0,0.0,0.0,1.6666065603686198,1.5161512627511315,
1604191332.248504,0.0,0.0,0.0,1.6567982789896107,1.5149858107212633,
1604191332.459892,0.0,0.0,0.0,1.6402258264324785,1.5079143986246575,
1604191332.6565638,0.0,0.0,0.0,1.630949502964609,1.5023907310898776,
1604191332.861966,0.0,0.0,0.0,1.617700661905934,1.4978883261244909,
1604191333.0677965,0.0,0.0,0.0,1.6122158194532221,1.4993445586731553,
1604191333.2704976,0.0,0.0,0.0,1.6013719260763375,1.479840458615241,
1604191333.4722078,0.0,0.0,0.0,1.5848590142440635,1.4532601168982668,
1604191333.6798809,0.0,0.0,0.0,1.5618974980854998,1.4304510418333223,
1604191333.878231,0.0,0.0,0.0,1.538272420534023,1.416353691941312,
1604191334.0811765,0.0,0.0,0.0,1.5181304264373936,1.3995484854191267,
1604191334.2973225,0.0,0.0,0.0,1.483911603176124,1.3585770059422237,
1604191334.5233564,0.0,0.0,0.0,1.4683112059425387,1.3585770059422237,
1604191334.691419,0.0,0.0,0.0,1.436689347968853,1.3309955350453677,
1604191334.893779,0.0,0.0,0.0,1.4023562312075066,1.3017438485122241,
1604191335.0950236,0.0,0.0,0.0,1.3709003440893484,1.276898374486988,
1604191335.3001802,0.0,0.0,0.0,1.3476286519772718,1.2594354019185066,
1604191335.5233622,0.0,0.0,0.0,1.3263784375431897,1.251519208945725,
1604191335.7037148,0.0,0.0,0.0,1.2908010689242169,1.2310402618265535,
1604191335.906283,0.0,0.0,0.0,1.2475204769226822,1.2006568520301248,
1604191336.1220021,0.0,0.0,0.0,1.1989446741068817,1.1627786220918683,
1604191336.3123558,0.0,0.0,0.0,1.1556026841356903,1.142744746478441,
1604191336.5147636,0.0,0.0,0.0,1.115421210784087,1.1014862605065003,
1604191336.7307472,0.0,0.0,0.0,1.077083461068221,1.0346043707903443,
1604191336.9235008,0.0,0.0,0.0,1.0614951628082943,1.0193794677223647,
1604191337.124405,0.0,0.0,0.0,1.0142525374988538,0.9512284185319368,
1604191337.341616,0.0,0.0,0.0,0.9609652066138186,0.903862721509537,
1604191337.5427005,0.0,0.0,0.0,0.9066752385186405,0.8589818232862994,
1604191337.7471097,0.0,0.0,0.0,0.8537074751207876,0.8231572978503227,
1604191337.9482436,0.0,0.0,0.0,0.7944740555684086,0.7825146007292855,
1604191338.1590216,0.0,0.0,0.0,0.7104588848095615,0.7151484366583476,
1604191338.3604443,0.00012122313795486429,-0.0002554178631097639,-1.0110522929389073e-07,0.6406570827964325,0.6623267699093736,
1604191338.565832,0.0011050816550811794,-0.008284741857473472,-0.00015320245235609273,0.6121968605525976,0.6134110951704326,
1604191338.769079,0.0032867282533674113,-0.0397766716115637,-0.0008547324177957743,0.5741040569169308,0.560578924465019,
1604191338.9798048,0.015634411509147822,-0.09253515370892629,-0.0038798810955297555,0.5256874547117799,0.5141411592218732,
1604191339.2274637,0.04505212227036734,-0.16958696666166656,-0.013226530641962699,0.47168128236490475,0.4598103612643574,
1604191339.389478,0.09305701461108272,-0.2564063081517084,-0.023995985784043796,0.422791057556221,0.39676990117319677,
1604191339.591389,0.1512680832133481,-0.2928773212815454,-0.0255336087529888,0.3737841580822431,0.3689209430494548,
1604191339.7968097,0.21870449586845836,-0.3336170459581218,-0.007420047298372661,0.3294072592202745,0.3342138557912603,
1604191340.0237443,0.25149471458993733,-0.3362880786917196,-0.014017636832265224,0.3294072592202745,0.33248356379480726,
1604191340.2033236,0.3831419538106596,-0.28070946374979433,-0.022596125250721362,0.2634549736580417,0.31299345510959353,
1604191340.421026,0.39572872557858463,-0.18293544815182514,-0.04184593614080578,0.28917898266949565,0.3292490551085672,
1604191340.6094112,0.3218396765984902,-0.05341202250701344,-0.023207288056788594,0.31439466570974395,0.46672458914369586,
1604191340.8109567,0.12732510745108336,-0.021651046319529244,-0.00969789808939992,0.46150015204666855,0.5201295722414463,
1604191341.0655413,0.014896045677539693,0.003393353514479075,-1.608579623123116e-05,0.5806514063892214,0.639239176565,
1604191341.218577,2.6299709745018903e-07,5.283127297219267e-08,2.0112779138175255e-09,0.6497127693808277,0.7614320013369098,
1604191341.423973,0.0,0.0,0.0,0.7642342837324022,0.8675716620350588,
1604191341.6347623,0.0,0.0,0.0,0.8893435825682446,0.9252840152059553,
1604191341.8349016,0.0,0.0,0.0,1.0004471816239344,0.8505604898544152,
1604191342.0408509,0.0,0.0,0.0,0.9423747636655834,0.7884518286276101,
1604191342.2527177,0.0,0.0,0.0,0.876895334018992,0.7426921891418689,
1604191342.445363,0.0,0.0,0.0,0.8908759447262365,0.7072238254331215,
1604191342.6500347,0.0,0.0,0.0,0.822149375102318,0.7072238254331215,
1604191342.8716552,0.0,0.0,0.0,0.8429148067637017,0.7211775480255408,
1604191343.0613406,0.0,0.0,0.0,0.8462813393281958,0.7290173139162964,
1604191343.266725,0.0,0.0,0.0,0.8527076327218627,0.7253917529874164,
1604191343.4927263,0.0,0.0,0.0,0.8328177357411669,0.7273526993526716,
1604191343.6778862,0.0,0.0,0.0,0.8026451253714939,0.7230585489929419,
1604191343.8819351,0.0,0.0,0.0,0.782143679681406,0.7171172109122075,
1604191344.1002254,0.0,0.0,0.0,0.7683755341462352,0.7058070849958568,
1604191344.2912378,0.0,0.0,0.0,0.7641593706437179,0.689778610457227,
1604191344.4956365,0.0,0.0,0.0,0.771945192879759,0.6870744853632482,
1604191344.7059195,0.0,0.0,0.0,0.7847607375833185,0.7004189520833504,
1604191344.9014742,0.0,0.0,0.0,0.792957450721936,0.7200628510199542,
1604191345.1068883,0.0,0.0,0.0,0.7806299711066148,0.7310291279328649,
1604191345.3251536,0.0,0.0,0.0,0.7772915780185705,0.7359078108408477,
1604191345.5106893,0.0,0.0,0.0,0.7679248275678474,0.737086995040243,
1604191345.721575,0.0,0.0,0.0,0.7744346822356767,0.7331085024022597,
1604191346.0568457,0.0,0.0,0.0,0.8119864354567472,0.7352086608532973,
1604191346.135665,0.0,0.0,0.0,0.7998955004110717,0.7278005354786138,
1604191346.3272948,0.0,0.0,0.0,0.7894967716725012,0.7322545374999248,
1604191346.530102,0.0,0.0,0.0,0.8012018079063746,0.721631419273984,
1604191346.752794,0.0,0.0,0.0,0.8197325840050145,0.7154087001149259,
1604191346.935512,0.0,0.0,0.0,0.8513384734884044,0.7419293440364124,
1604191347.1362264,0.0,0.0,0.0,0.8482181502036227,0.7485318400798093,
1604191347.3656783,0.0,0.0,0.0,0.8110239657524393,0.7742078819612201,
1604191347.5449617,0.0,0.0,0.0,0.806857757438909,0.7906917756997915,
1604191347.7826252,0.0,0.0,0.0,0.8061643000193648,0.8053389394599109,
1604191347.9542005,0.0,0.0,0.0,0.7916859757162695,0.8386642222180877,
1604191348.1530502,0.0,0.0,0.0,0.7842859030048422,0.8247987836560472,
1604191348.3583732,0.0,0.0,0.0,0.7723078751341869,0.8186144990137616,
1604191348.5605106,0.0,0.0,0.0,0.7747278286438224,0.8084437778015201,
1604191348.7632275,0.0,0.0,0.0,0.7864945106702148,0.795560475347048,
1604191348.9683185,0.0,0.0,0.0,0.7945500164257598,0.7560532243933568,
1604191349.1736133,0.0,0.0,0.0,0.8105119871069275,0.7536419580586219,
1604191349.377018,0.0,0.0,0.0,0.8152264782800895,0.7868478592720927,
1604191349.582506,0.0,0.0,0.0,0.8076897207991937,0.7647077322689382,
1604191349.7949612,0.0,0.0,0.0,0.7992961789840162,0.7706356703229814,
1604191349.985675,0.0,0.0,0.0,0.806626964005047,0.7849646314618172,
1604191350.1898813,0.0,0.0,0.0,0.8223046651853206,0.8116350552898653,
1604191350.3953016,0.0,0.0,0.0,0.8441660002780592,0.7971850718823885,
1604191350.5971763,0.0,0.0,0.0,0.8251642044902473,0.8004233360253558,
1604191350.8026505,0.0,0.0,0.0,0.8007007184573459,0.8001833033708218,
1604191351.0099769,0.0,0.0,0.0,0.7839961134418428,0.804173567649589,
1604191351.210144,0.0,0.0,0.0,0.785055550093134,0.7977736095039019,
1604191351.415474,0.0,0.0,0.0,0.8000479803271594,0.785526200997773,
1604191351.6316633,0.0,0.0,0.0,0.8067623861106828,0.7495191870707006,
1604191351.8216488,0.0,0.0,0.0,0.8104916659761813,0.7347678188869629,
1604191352.0330005,0.0,0.0,0.0,0.8199446637320544,0.7583189210210362,
1604191352.2440355,0.0,0.0,0.0,0.8211409384785261,0.7714644949216074,
1604191352.4381933,0.0,0.0,0.0,0.8023370857571797,0.7605416049715333,
1604191352.6397114,0.0,0.0,0.0,0.7845698229998768,0.6900229377235899,
1604191352.8613045,0.0,0.0,0.0,0.7767859408625022,0.6871279787738142,
1604191353.0545964,0.0,0.0,0.0,0.7537474038064259,0.7152984053678425,
1604191353.2600045,0.0,0.0,0.0,0.79154166388969,0.6999748865554296,
1604191353.4716177,0.0,0.0,0.0,0.7878123417566857,0.75040413091512,
1604191353.700096,0.0,0.0,0.0,0.8180621656944759,0.7090075325579182,
1604191353.8686876,0.0,0.0,0.0,0.8150582284659079,0.6860051694320314,
1604191354.0779207,0.0,0.0,0.0,0.8669757455161681,0.7553043757532304,
1604191354.277352,0.0,0.0,0.0,0.8009555675287208,0.7553043757532304,
1604191354.4816272,0.0,0.0,0.0,0.9452751818677925,0.9017530688014446,
1604191354.6825557,0.0,0.0,0.0,0.9121862261530631,0.7769735961378876,
1604191354.888041,0.0,0.0,0.0,0.8299610062971061,0.77956824569973,
1604191355.1036878,0.0,0.0,0.0,0.8546516537854673,0.77372090549813,
1604191355.3064158,0.0,0.0,0.0,0.834405092182659,0.7881449131696823,
1604191355.5117776,0.0,0.0,0.0,0.8254134197278643,0.7879681586933013,
1604191355.7152033,0.0,0.0,0.0,0.8131902768502904,0.7862207634609815,
1604191355.9342895,0.0,0.0,0.0,0.800517047332701,0.7862207634609815,
1604191356.121156,0.0,0.0,0.0,0.7861195742028715,0.784649889935682,
1604191356.3265445,0.0,0.0,0.0,0.7828355289434915,0.7408361022308866,
1604191356.5343347,0.0,0.0,0.0,0.7976359812592968,0.7594649364559412,
1604191356.7307339,0.0,0.0,0.0,0.8115109993564874,0.7352831368932528,
1604191356.933675,0.0,0.0,0.0,0.8025271936653828,0.7205580255494973,
1604191357.134343,0.0,0.0,0.0,0.7728268849121293,0.7163806867634567,
1604191357.3360803,0.0,0.0,0.0,0.7488906003878217,0.7211028908017298,
1604191357.5408752,0.0,0.0,0.0,0.7516200194126462,0.7202742607458333,
