1604191330.6088223,-0.6676148772239685,-0.6043926477432251,0.4289395809173584
1604191330.8146877,-0.6706315875053406,-0.6071945428848267,0.432184636592865
1604191331.016625,-0.672075092792511,-0.612358033657074,0.43475785851478577
1604191331.2430239,-0.6703723669052124,-0.6103307604789734,0.4321533143520355
1604191331.435597,-0.6663101315498352,-0.6078710556030273,0.4370420575141907
1604191331.641487,-0.659600555896759,-0.6093716621398926,0.4352501928806305
1604191331.8548737,-0.6515732407569885,-0.6104520559310913,0.42664864659309387
1604191332.0467193,-0.6484501361846924,-0.6099193096160889,0.4257523715496063
1604191332.248491,-0.6524073481559753,-0.6027406454086304,0.42568692564964294
1604191332.4598837,-0.652858316898346,-0.5961393713951111,0.4278876483440399
1604191332.656551,-0.6495245099067688,-0.591724157333374,0.4295760691165924
1604191332.8619523,-0.6486015319824219,-0.5914122462272644,0.42559191584587097
1604191333.0677757,-0.6501191258430481,-0.592211127281189,0.42160555720329285
1604191333.270485,-0.6515239477157593,-0.5875555872917175,0.4239804446697235
1604191333.472195,-0.6545394659042358,-0.5762495398521423,0.42468008399009705
1604191333.6798594,-0.6536943912506104,-0.5638325810432434,0.42042747139930725
1604191333.8782172,-0.6531073451042175,-0.5579310059547424,0.41744929552078247
1604191334.0811632,-0.6533312201499939,-0.5529807806015015,0.41863593459129333
1604191334.2972934,-0.6534633636474609,-0.5475896000862122,0.41797593235969543
1604191334.5233428,-0.6534633636474609,-0.5475896000862122,0.41797593235969543
1604191334.6914058,-0.6569889187812805,-0.5389030575752258,0.41670748591423035
1604191334.8937652,-0.6578962802886963,-0.5252092480659485,0.4202796220779419
1604191335.0950105,-0.6555052995681763,-0.5114606618881226,0.41664013266563416
1604191335.3001673,-0.649946391582489,-0.5028401017189026,0.41442954540252686
1604191335.523341,-0.649946391582489,-0.5028401017189026,0.41442954540252686
1604191335.7037015,-0.6452205181121826,-0.49450773000717163,0.4139234125614166
1604191335.90627,-0.6459200978279114,-0.4796287715435028,0.4121198058128357
1604191336.121981,-0.6477134823799133,-0.45875751972198486,0.4127299189567566
1604191336.3123426,-0.6471354961395264,-0.4377914071083069,0.4163134694099426
1604191336.5147502,-0.6434366106987,-0.42037081718444824,0.41330665349960327
1604191336.7307248,-0.6395850777626038,-0.40296897292137146,0.41048988699913025
1604191336.923488,-0.639580488204956,-0.3867620825767517,0.40963196754455566
1604191337.1243925,-0.6454297304153442,-0.369475394487381,0.4090617895126343
1604191337.3416047,-0.6474642157554626,-0.35037359595298767,0.4095940589904785
1604191337.5426893,-0.6460444927215576,-0.33279916644096375,0.4133835434913635
1604191337.7470956,-0.6437904834747314,-0.3148181438446045,0.41280844807624817
1604191337.9482296,-0.6367867588996887,-0.29108017683029175,0.4139629602432251
1604191338.1590083,-0.6282309293746948,-0.24319221079349518,0.41265183687210083
1604191338.3604312,-0.6265718936920166,-0.21965280175209045,0.4195444881916046
1604191338.565818,-0.6321981549263,-0.19077201187610626,0.4199962913990021
1604191338.769066,-0.6360124349594116,-0.16045600175857544,0.416553795337677
1604191338.9797914,-0.6367554664611816,-0.13238303363323212,0.4081967771053314
1604191339.2274425,-0.6311550736427307,-0.10696875303983688,0.3986527621746063
1604191339.3894646,-0.6193036437034607,-0.07817008346319199,0.39606723189353943
1604191339.5913756,-0.6203756928443909,-0.05028184875845909,0.401357501745224
1604191339.7967956,-0.6237655878067017,-0.03892037272453308,0.41966700553894043
1604191340.0237355,-0.6237655878067017,-0.03892037272453308,0.41966700553894043
1604191340.20331,-0.6303110122680664,0.006951365154236555,0.4136291742324829
1604191340.4210005,-0.6121869087219238,0.028467565774917603,0.40463390946388245
1604191340.609397,-0.5850539803504944,0.013993524014949799,0.39003902673721313
1604191340.8109508,-0.5379520654678345,-0.018811509013175964,0.3769582509994507
1604191341.065519,-0.4786217212677002,-0.047377534210681915,0.38003164529800415
1604191341.2185633,-0.4047759771347046,-0.06106406822800636,0.3852917551994324
1604191341.42396,-0.33399057388305664,-0.042088888585567474,0.3820875287055969
1604191341.6347415,-0.2705097496509552,0.03601568192243576,0.374403715133667
1604191341.8348923,-0.3302183449268341,0.2669162452220917,0.37067192792892456
1604191342.0408373,-0.44413068890571594,0.3350098133087158,0.3859633207321167
1604191342.2526972,-0.5320043563842773,0.371256947517395,0.3939739763736725
1604191342.4453485,-0.6024882793426514,0.3999391496181488,0.4013911485671997
1604191342.650022,-0.6024882793426514,0.3999391496181488,0.4013911485671997
1604191342.8716338,-0.6144240498542786,0.4260362982749939,0.40762144327163696
1604191343.061328,-0.6144240498542786,0.4260362982749939,0.40762144327163696
1604191343.266712,-0.6214402318000793,0.4295274615287781,0.40373530983924866
1604191343.4927,-0.6130005717277527,0.4110475778579712,0.4112646281719208
1604191343.6778722,-0.6056232452392578,0.3927067816257477,0.4166841506958008
1604191343.8819215,-0.6027219295501709,0.38899868726730347,0.4122547209262848
1604191344.1002042,-0.6078866720199585,0.385206013917923,0.4046303331851959
1604191344.2912247,-0.6202251315116882,0.3798145055770874,0.39923661947250366
1604191344.495623,-0.6250315308570862,0.38222652673721313,0.39866095781326294
1604191344.7058988,-0.6172569990158081,0.390287309885025,0.3991479277610779
1604191344.901461,-0.6030387282371521,0.39960718154907227,0.40541326999664307
1604191345.1068754,-0.5927835702896118,0.4080839455127716,0.40310853719711304
1604191345.325131,-0.5811129808425903,0.40448153018951416,0.4029395878314972
1604191345.510678,-0.5771264433860779,0.4020528495311737,0.4006866216659546
1604191345.7215614,-0.5810142755508423,0.39845141768455505,0.40317782759666443
1604191346.0568247,-0.5810142755508423,0.39845141768455505,0.40317782759666443
1604191346.1356509,-0.5907882452011108,0.4000181555747986,0.3991728723049164
1604191346.3272815,-0.5907882452011108,0.4000181555747986,0.3991728723049164
1604191346.5300887,-0.604499876499176,0.39926666021347046,0.3889636993408203
1604191346.752774,-0.6106847524642944,0.3954583406448364,0.38723626732826233
1604191346.935499,-0.5840288400650024,0.4194420874118805,0.40157338976860046
1604191347.1362128,-0.5597018599510193,0.41847366094589233,0.40883609652519226
1604191347.3656573,-0.48400887846946716,0.391632616519928,0.4055483341217041
1604191347.544949,-0.39142003655433655,0.4005081355571747,0.3992823660373688
1604191347.7826107,-0.3477034270763397,0.41223031282424927,0.39947664737701416
1604191347.9541795,-0.3074454367160797,0.4091770648956299,0.39834025502204895
1604191348.1530366,-0.25676414370536804,0.3960714638233185,0.39237380027770996
1604191348.3583612,-0.21080876886844635,0.37834763526916504,0.39405837655067444
1604191348.5604744,-0.17001360654830933,0.3651508390903473,0.39211031794548035
1604191348.7632227,-0.1396705061197281,0.36268794536590576,0.3805433511734009
1604191348.968314,-0.1396705061197281,0.36268794536590576,0.3805433511734009
1604191349.1736083,-0.10714395344257355,0.37680554389953613,0.38511034846305847
1604191349.377013,-0.07412922382354736,0.38536959886550903,0.39318352937698364
1604191349.5824926,-0.0446598157286644,0.38374292850494385,0.40038853883743286
1604191349.79494,-0.02350553497672081,0.37154170870780945,0.40892159938812256
1604191349.985662,0.002989045111462474,0.37037667632102966,0.4197719693183899
1604191350.189868,0.03186514601111412,0.3737851083278656,0.42046189308166504
1604191350.395279,0.04968072846531868,0.37801802158355713,0.43152329325675964
1604191350.5971713,0.06983696669340134,0.37551161646842957,0.44653400778770447
1604191350.802637,0.09099516272544861,0.3645837604999542,0.4558791518211365
1604191351.0099561,0.11757668107748032,0.34637194871902466,0.45768776535987854
1604191351.2101302,0.1316475123167038,0.33021456003189087,0.4548838138580322
1604191351.4154596,0.14100652933120728,0.31534481048583984,0.4636991322040558
1604191351.6316423,0.14218489825725555,0.2893148958683014,0.4754844009876251
1604191351.821635,0.1534157395362854,0.26176926493644714,0.4998280704021454
1604191352.0269837,0.18810544908046722,0.24053944647312164,0.5303370952606201
1604191352.2440271,0.23618988692760468,0.2101166695356369,0.5526599287986755
1604191352.4381795,0.28387609124183655,0.17052866518497467,0.5600642561912537
1604191352.6396987,0.3140393793582916,0.12203522026538849,0.5627815127372742
1604191352.861284,0.3537207245826721,0.07440487295389175,0.569165825843811
1604191353.0545833,0.4720233082771301,0.008217821829020977,0.5957884192466736
1604191353.2599921,0.4720233082771301,0.008217821829020977,0.5957884192466736
1604191353.4716036,0.6235750317573547,-0.051148176193237305,0.6140351891517639
1604191353.700082,0.6235750317573547,-0.051148176193237305,0.6140351891517639
1604191353.8686743,0.6940675377845764,-0.05962448939681053,0.5977116227149963
1604191354.0779057,0.8387226462364197,0.028715109452605247,0.5233242511749268
1604191354.2773392,0.8387226462364197,0.028715109452605247,0.5233242511749268
1604191354.4816222,0.9942182302474976,0.250792533159256,0.444343239068985
1604191354.68254,1.0432840585708618,0.29719284176826477,0.41738125681877136
1604191354.8880277,1.0926631689071655,0.3310903310775757,0.4125131666660309
1604191355.1036725,1.1389951705932617,0.3533567786216736,0.40716874599456787
1604191355.306402,1.1773651838302612,0.3668985366821289,0.403757244348526
1604191355.5117636,1.2144728899002075,0.3781372308731079,0.41409769654273987
1604191355.71519,1.2483495473861694,0.3820989429950714,0.4310819208621979
1604191355.934269,1.2483495473861694,0.3820989429950714,0.4310819208621979
1604191356.1211426,1.282238483428955,0.3753591775894165,0.44824087619781494
1604191356.326532,1.3167771100997925,0.36397263407707214,0.4607011377811432
1604191356.534314,1.3448258638381958,0.35797548294067383,0.464486688375473
1604191356.7307205,1.3615763187408447,0.36083340644836426,0.4525092542171478
1604191356.933651,1.3659000396728516,0.37062567472457886,0.4368741512298584
1604191357.1343284,1.3627901077270508,0.3828299343585968,0.4234681725502014
1604191357.3360662,1.3620898723602295,0.39204031229019165,0.4107550382614136
1604191357.5408611,1.3619436025619507,0.3949846625328064,0.39944708347320557
