1604191330.5765035,-1.0651066303253174,1.0034205913543701,0.4890071153640747
1604191330.8314643,-1.0655450820922852,1.0003364086151123,0.4843117594718933
1604191330.966934,-1.0640543699264526,0.9973440170288086,0.48393356800079346
1604191331.179466,-1.0640543699264526,0.9973440170288086,0.48393356800079346
1604191331.4023633,-1.0610684156417847,1.0014501810073853,0.4873483180999756
1604191331.6042588,-1.0600043535232544,1.0038081407546997,0.4857654571533203
1604191331.8330212,-1.0600043535232544,1.0038081407546997,0.4857654571533203
1604191332.014403,-1.0560868978500366,1.0050239562988281,0.48378637433052063
1604191332.2165408,-1.0548864603042603,1.003453016281128,0.4816603362560272
1604191332.4326763,-1.063246726989746,0.9909669160842896,0.48280346393585205
1604191332.6254735,-1.0636746883392334,0.9850226640701294,0.4780051112174988
1604191332.8295693,-1.059485912322998,0.9725386500358582,0.472357839345932
1604191333.0517018,-1.059485912322998,0.9725386500358582,0.472357839345932
1604191333.2313166,-1.0512932538986206,0.9621750712394714,0.47793814539909363
1604191333.43326,-1.0467809438705444,0.9584127068519592,0.4769917130470276
1604191333.6351404,-1.0398977994918823,0.9486396908760071,0.4733268916606903
1604191333.883797,-1.0331861972808838,0.9316945672035217,0.4707199037075043
1604191334.0442333,-1.029822587966919,0.9169096350669861,0.46758905053138733
1604191334.2495415,-1.0230978727340698,0.8885448575019836,0.47165828943252563
1604191334.491456,-1.016234040260315,0.874252438545227,0.46994179487228394
1604191334.6918237,-1.0099743604660034,0.8529261350631714,0.4645515978336334
1604191334.8754833,-1.0016968250274658,0.8336625099182129,0.4635431170463562
1604191335.0655334,-0.9976440668106079,0.8154750466346741,0.45601579546928406
1604191335.2681656,-0.9966368079185486,0.7986823320388794,0.4585667550563812
1604191335.469226,-0.9908755421638489,0.7782694697380066,0.4569188356399536
1604191335.6702704,-0.9846324324607849,0.7501538991928101,0.4561653435230255
1604191335.8739827,-0.9690866470336914,0.7246228456497192,0.45272478461265564
1604191336.1060045,-0.9524999856948853,0.7001728415489197,0.4508604407310486
1604191336.290316,-0.9390683770179749,0.6795615553855896,0.4577274024486542
1604191336.4939613,-0.9268485903739929,0.6576400995254517,0.4549550712108612
1604191336.8250976,-0.9215095043182373,0.635809063911438,0.4500826895236969
1604191336.9009414,-0.9215095043182373,0.635809063911438,0.4500826895236969
1604191337.1040668,-0.9206108450889587,0.605958104133606,0.4479597806930542
1604191337.3062692,-0.9195992946624756,0.5704744458198547,0.4474821984767914
1604191337.5210512,-0.912653923034668,0.533031165599823,0.4496772885322571
1604191337.7468605,-0.8988552093505859,0.4989542067050934,0.4519619941711426
1604191337.9205759,-0.8863704800605774,0.462384432554245,0.4484314024448395
1604191338.1531277,-0.8800445199012756,0.42029938101768494,0.4461279511451721
1604191338.327086,-0.883155882358551,0.3843473792076111,0.43567022681236267
1604191338.532357,-0.9012646079063416,0.35912635922431946,0.4198499619960785
1604191338.7409637,-0.9252302646636963,0.3354504704475403,0.42158231139183044
1604191338.9411578,-0.9447805881500244,0.2933049201965332,0.4242464005947113
1604191339.1430683,-0.9580610990524292,0.2316308617591858,0.4297330379486084
1604191339.3456826,-0.9632979035377502,0.16585423052310944,0.4256030023097992
1604191339.5466757,-0.95794278383255,0.1093779131770134,0.41784435510635376
1604191339.7502491,-0.9357353448867798,0.0659695491194725,0.40617191791534424
1604191339.9547267,-0.9357353448867798,0.0659695491194725,0.40617191791534424
1604191340.1605043,-0.8932195901870728,0.014475042000412941,0.39843058586120605
1604191340.3621426,-0.8969430327415466,-0.021865570917725563,0.406872034072876
1604191340.5716038,-0.8969430327415466,-0.021865570917725563,0.406872034072876
1604191340.7673497,-0.9319949746131897,-0.06522397696971893,0.40651842951774597
1604191341.0395002,-1.0417317152023315,-0.18901674449443817,0.37879690527915955
1604191341.202425,-1.0417317152023315,-0.18901674449443817,0.37879690527915955
1604191341.3797529,-1.0599236488342285,-0.2805826961994171,0.36809056997299194
1604191341.581747,-0.993216872215271,-0.4822571575641632,0.37884068489074707
1604191341.7909675,-0.993216872215271,-0.4822571575641632,0.37884068489074707
1604191341.9914243,-0.8424773812294006,-0.518887996673584,0.40173158049583435
1604191342.195636,-0.7434694170951843,-0.47970911860466003,0.40317773818969727
1604191342.40286,-0.7434694170951843,-0.47970911860466003,0.40317773818969727
1604191342.6024911,-0.6183249950408936,-0.422054260969162,0.40376314520835876
1604191342.8075027,-0.5984700322151184,-0.4167182147502899,0.40366271138191223
1604191343.0125315,-0.5908536314964294,-0.4199097156524658,0.4041743874549866
1604191343.2172046,-0.5859232544898987,-0.4224339723587036,0.40698590874671936
1604191343.4177225,-0.581620991230011,-0.4211655259132385,0.40656858682632446
1604191343.629572,-0.5792673230171204,-0.40939319133758545,0.4032604396343231
1604191343.8224227,-0.582238495349884,-0.3927967846393585,0.4010741710662842
1604191344.0245776,-0.5866715312004089,-0.38287079334259033,0.4016474783420563
1604191344.2256103,-0.5930677652359009,-0.38386136293411255,0.40032705664634705
1604191344.4308572,-0.5923758149147034,-0.38900163769721985,0.3923282325267792
1604191344.6362162,-0.5976526141166687,-0.3941824436187744,0.3906456232070923
1604191344.8407288,-0.5984689593315125,-0.3932632505893707,0.394591361284256
1604191345.0425057,-0.6045160889625549,-0.3724571764469147,0.40208056569099426
1604191345.2460463,-0.6045160889625549,-0.3724571764469147,0.40208056569099426
1604191345.4513445,-0.603684663772583,-0.36540552973747253,0.40397870540618896
1604191345.6542258,-0.5999804139137268,-0.37573161721229553,0.40865424275398254
1604191345.8556828,-0.6000227332115173,-0.39551523327827454,0.40982767939567566
1604191346.1040773,-0.6126177310943604,-0.3995538353919983,0.405569463968277
1604191346.2590985,-0.6015334725379944,-0.3894050121307373,0.40004169940948486
1604191346.464303,-0.6015334725379944,-0.3894050121307373,0.40004169940948486
1604191346.6706336,-0.5686363577842712,-0.4010283052921295,0.40185219049453735
1604191346.8756635,-0.5299010276794434,-0.420150488615036,0.40199217200279236
1604191347.0773132,-0.4923412799835205,-0.426880419254303,0.3911425471305847
1604191347.3975587,-0.4587186872959137,-0.4187375009059906,0.3850409686565399
1604191347.5068035,-0.430444598197937,-0.405244916677475,0.38320308923721313
1604191347.6833584,-0.40203508734703064,-0.39175093173980713,0.3757467567920685
1604191347.8997917,-0.40203508734703064,-0.39175093173980713,0.3757467567920685
1604191348.0944674,-0.3712368905544281,-0.37970584630966187,0.37933796644210815
1604191348.29578,-0.33554041385650635,-0.383807897567749,0.3895401358604431
1604191348.5017247,-0.29380738735198975,-0.3995819389820099,0.3999898135662079
1604191348.6992056,-0.24231109023094177,-0.4165337085723877,0.4097347855567932
1604191348.9031456,-0.19791918992996216,-0.42930734157562256,0.4062393605709076
1604191349.121925,-0.1612018495798111,-0.4315430223941803,0.4091939628124237
1604191349.3122232,-0.12325425446033478,-0.42808637022972107,0.41487058997154236
1604191349.5326838,-0.07857692241668701,-0.42297986149787903,0.42065316438674927
1604191349.7404637,-0.03997025266289711,-0.4275479316711426,0.4166054427623749
1604191349.9362772,-0.007398827001452446,-0.4361714720726013,0.4153861403465271
1604191350.1400096,0.01698867604136467,-0.4483494460582733,0.4128181040287018
1604191350.3454227,0.033056776970624924,-0.4658401310443878,0.4159252643585205
1604191350.5483174,0.047956932336091995,-0.4595580995082855,0.426341712474823
1604191350.753679,0.0789865106344223,-0.43562546372413635,0.43052899837493896
1604191350.9628162,0.0789865106344223,-0.43562546372413635,0.43052899837493896
1604191351.161116,0.11932361125946045,-0.45471134781837463,0.46207112073898315
1604191351.3721976,0.13952212035655975,-0.4846547544002533,0.4723745882511139
1604191351.5787506,0.16104654967784882,-0.5171205997467041,0.48858314752578735
1604191351.7789516,0.16104654967784882,-0.5171205997467041,0.48858314752578735
1604191351.9843132,0.20474591851234436,-0.5792236924171448,0.5257827043533325
1604191352.1889126,0.23517388105392456,-0.610901951789856,0.5385237336158752
1604191352.394245,0.26644083857536316,-0.6314699649810791,0.5446043610572815
1604191352.5948603,0.29789313673973083,-0.6621716618537903,0.54521244764328
1604191352.8067489,0.33326205611228943,-0.7016861438751221,0.543464183807373
1604191352.999507,0.3846499025821686,-0.7397597432136536,0.5636854767799377
1604191353.240126,0.45186400413513184,-0.7830540537834167,0.5912467241287231
1604191353.4188945,0.535306453704834,-0.8339959383010864,0.6115201711654663
1604191353.6084704,0.623650848865509,-0.8691638708114624,0.6053159832954407
1604191353.8105912,0.7194398045539856,-0.8741452097892761,0.5824748277664185
1604191354.0129821,0.8036222457885742,-0.8369004130363464,0.5568603873252869
1604191354.2176428,0.8678134083747864,-0.7717074155807495,0.5260316729545593
1604191354.4273422,0.9269285202026367,-0.6912322640419006,0.48442497849464417
1604191354.6392379,0.9770463705062866,-0.6119065284729004,0.4525183439254761
1604191354.834115,1.0281025171279907,-0.5439213514328003,0.43259572982788086
1604191355.0356085,1.0724022388458252,-0.4985722303390503,0.4217219054698944
1604191355.2456396,1.1131689548492432,-0.4649654030799866,0.41439151763916016
1604191355.450062,1.1502838134765625,-0.44475486874580383,0.4081254005432129
1604191355.6551826,1.1872987747192383,-0.42849022150039673,0.4088010787963867
1604191355.8646722,1.2169188261032104,-0.417618066072464,0.41398343443870544
1604191356.0634158,1.242017149925232,-0.4094584882259369,0.4275657534599304
1604191356.268454,1.2689108848571777,-0.4172893166542053,0.4476606547832489
1604191356.4761453,1.303245186805725,-0.438571035861969,0.46168503165245056
1604191356.6722984,1.3396843671798706,-0.4501819908618927,0.4705334007740021
1604191356.87577,1.362527847290039,-0.43150147795677185,0.4619850218296051
1604191357.0860996,1.367323637008667,-0.38959982991218567,0.44782182574272156
1604191357.2863123,1.3623220920562744,-0.3565214276313782,0.4329451024532318
1604191357.4917307,1.355907678604126,-0.3562548756599426,0.42258530855178833
