1604191330.6466203,-0.0018369074678048491,0.7584000825881958,0.5497785806655884
1604191330.847185,-0.0018369074678048491,0.7584000825881958,0.5497785806655884
1604191331.048154,-0.008185063488781452,0.7556389570236206,0.5444257259368896
1604191331.2548172,-0.010458067990839481,0.7464803457260132,0.5402427315711975
1604191331.4601815,-0.008311322890222073,0.7487050294876099,0.5417953133583069
1604191331.663077,-0.008311322890222073,0.7487050294876099,0.5417953133583069
1604191331.86547,-0.006207460071891546,0.7544544339179993,0.5396301746368408
1604191332.0679054,-0.004397104494273663,0.7582470774650574,0.5354386568069458
1604191332.276269,-0.007412256207317114,0.7635455131530762,0.5371565222740173
1604191332.4810705,-0.013610747642815113,0.764918327331543,0.5405389666557312
1604191332.684897,-0.024362266063690186,0.7652996778488159,0.54103684425354
1604191332.888951,-0.024362266063690186,0.7652996778488159,0.54103684425354
1604191333.0942273,-0.021035494282841682,0.7473552227020264,0.5260844230651855
1604191333.2981834,-0.028600452467799187,0.7311490774154663,0.5289593935012817
1604191333.5004976,-0.03924013674259186,0.7233573198318481,0.5289553999900818
1604191333.7027233,-0.04962952062487602,0.7188519835472107,0.525604248046875
1604191333.905742,-0.05936182662844658,0.7101373672485352,0.5209534168243408
1604191334.1130898,-0.0762377604842186,0.6989428997039795,0.5173173546791077
1604191334.3178933,-0.08880367875099182,0.683525025844574,0.5240311026573181
1604191334.5236936,-0.08880367875099182,0.683525025844574,0.5240311026573181
1604191334.7296126,-0.11283780634403229,0.6534926295280457,0.5103362202644348
1604191334.9349833,-0.11283780634403229,0.6534926295280457,0.5103362202644348
1604191335.1637433,-0.12702788412570953,0.6477141976356506,0.5032122135162354
1604191335.352775,-0.14059482514858246,0.6456313133239746,0.5024745464324951
1604191335.5561316,-0.16287192702293396,0.6458215713500977,0.512588381767273
1604191335.761533,-0.1901870220899582,0.6451199054718018,0.5121756196022034
1604191335.9648995,-0.2176482230424881,0.6378893852233887,0.5086249709129333
1604191336.2133577,-0.24425208568572998,0.6289118528366089,0.4917764961719513
1604191336.3715901,-0.26422396302223206,0.6116211414337158,0.48010745644569397
1604191336.577028,-0.28408893942832947,0.5954285264015198,0.47957736253738403
1604191336.857635,-0.30482980608940125,0.573509156703949,0.4800281822681427
1604191336.9825385,-0.34468063712120056,0.5507407784461975,0.4770109951496124
1604191337.1868472,-0.3852163851261139,0.5112828612327576,0.48537033796310425
1604191337.3899388,-0.3852163851261139,0.5112828612327576,0.48537033796310425
1604191337.595502,-0.41021794080734253,0.4902755916118622,0.48254677653312683
1604191337.8008592,-0.4349246025085449,0.47882193326950073,0.4768272638320923
1604191338.0063055,-0.459913045167923,0.46864044666290283,0.4761671721935272
1604191338.2095888,-0.47381842136383057,0.4528989791870117,0.4678887724876404
1604191338.4149723,-0.4927588999271393,0.4275865852832794,0.4625794589519501
1604191338.630494,-0.5028687715530396,0.40812844038009644,0.4494127929210663
1604191338.879733,-0.5050876140594482,0.3841710090637207,0.4386635422706604
1604191339.0460753,-0.5266112685203552,0.36864176392555237,0.4425993859767914
1604191339.2499592,-0.5454373955726624,0.34197673201560974,0.4489120841026306
1604191339.4556808,-0.5626479387283325,0.31142428517341614,0.4453897774219513
1604191339.6667168,-0.5883031487464905,0.2923024892807007,0.44673603773117065
1604191339.872064,-0.6314593553543091,0.2912776470184326,0.45781663060188293
1604191340.0773888,-0.6830887794494629,0.31043487787246704,0.4691013991832733
1604191340.2778764,-0.7293787598609924,0.3285992443561554,0.4723981022834778
1604191340.5268564,-0.7699635028839111,0.3708689510822296,0.4633055627346039
1604191340.6849852,-0.8046501874923706,0.4186827838420868,0.4664324223995209
1604191340.8877559,-0.8558084964752197,0.4605520963668823,0.47148847579956055
1604191341.0922053,-0.9255998134613037,0.48657000064849854,0.47812575101852417
1604191341.2928994,-1.021756887435913,0.47903889417648315,0.4719981551170349
1604191341.4956079,-1.1170387268066406,0.40122970938682556,0.45287609100341797
1604191341.698258,-1.178910493850708,0.26112937927246094,0.42671918869018555
1604191341.9215102,-1.178910493850708,0.26112937927246094,0.42671918869018555
1604191342.1004202,-1.204003095626831,0.05512820929288864,0.40245944261550903
1604191342.3065581,-1.204003095626831,0.05512820929288864,0.40245944261550903
1604191342.510312,-1.1969795227050781,0.01693487912416458,0.39408159255981445
1604191342.7118444,-1.1935193538665771,0.007219222839921713,0.39150503277778625
1604191342.9159214,-1.1998584270477295,0.004941870458424091,0.4010542035102844
1604191343.121106,-1.2043672800064087,-0.0021822985727339983,0.3997434675693512
1604191343.3267279,-1.2043672800064087,-0.0021822985727339983,0.3997434675693512
1604191343.530469,-1.197030782699585,-0.022824451327323914,0.39707332849502563
1604191343.7371514,-1.1902769804000854,-0.021899817511439323,0.3981630504131317
1604191344.007525,-1.1896711587905884,-0.014299099333584309,0.3953504264354706
1604191344.1430151,-1.1917988061904907,-0.006288670934736729,0.3945034444332123
1604191344.343852,-1.1925777196884155,-0.0024613901041448116,0.39594870805740356
1604191344.5445755,-1.1931369304656982,-0.004198324866592884,0.40051499009132385
1604191344.7499661,-1.1935423612594604,-0.0078067719005048275,0.3974182605743408
1604191344.9506433,-1.195112705230713,-0.010071536526083946,0.3953007459640503
1604191345.1560545,-1.1948331594467163,-0.006522925104945898,0.3967037796974182
1604191345.357176,-1.194075345993042,-0.0026798658072948456,0.3953869342803955
1604191345.558533,-1.1961334943771362,0.0019326354376971722,0.39508989453315735
1604191345.7636185,-1.2007173299789429,0.006870356388390064,0.3942071497440338
1604191345.9689949,-1.2016777992248535,0.004417401272803545,0.39641326665878296
1604191346.1743882,-1.2035117149353027,-0.0009291935712099075,0.3963656425476074
1604191346.379229,-1.2018874883651733,-0.0054955449886620045,0.39585599303245544
1604191346.5836697,-1.2018874883651733,-0.0054955449886620045,0.39585599303245544
1604191346.7842326,-1.193143367767334,-0.004047248978167772,0.3918047845363617
1604191346.9898784,-1.193143367767334,-0.004047248978167772,0.3918047845363617
1604191347.2022169,-1.1496989727020264,-0.003493308089673519,0.39414453506469727
1604191347.403043,-1.1114505529403687,-0.0016994164325296879,0.3952288031578064
1604191347.6410615,-1.0723949670791626,-0.001315479283221066,0.3971821963787079
1604191347.8082848,-1.0392341613769531,-0.0005091946804895997,0.39801040291786194
1604191348.0136292,-1.0101947784423828,0.00021221277711447328,0.40049558877944946
1604191348.2297316,-0.9785633087158203,-0.0029722503386437893,0.4003181755542755
1604191348.4329636,-0.9368872046470642,0.00027507933555170894,0.3930859863758087
1604191348.6347873,-0.8939616680145264,0.0053168353624641895,0.3919207751750946
1604191348.8391793,-0.8552060127258301,0.015219421125948429,0.3943648338317871
1604191349.0428562,-0.8155142068862915,0.024089094251394272,0.39477670192718506
1604191349.248141,-0.7735583782196045,0.02491709776222706,0.3916323781013489
1604191349.4538224,-0.737445592880249,0.020412830635905266,0.39217138290405273
1604191349.659238,-0.7081805467605591,0.0036091264337301254,0.3963329493999481
1604191349.86098,-0.6884331703186035,-0.01795329712331295,0.4022720456123352
1604191350.0653696,-0.6722721457481384,-0.029792752116918564,0.4122736155986786
1604191350.266633,-0.6485018730163574,-0.03905682638287544,0.4178757667541504
1604191350.471167,-0.6250972747802734,-0.04642542079091072,0.4263803958892822
1604191350.671621,-0.6075196266174316,-0.05090628191828728,0.44076007604599
1604191350.8769202,-0.5876783728599548,-0.059186920523643494,0.44520390033721924
1604191351.0809445,-0.5700598955154419,-0.07042314857244492,0.4461590051651001
1604191351.2822652,-0.5209542512893677,-0.1075727641582489,0.46344926953315735
1604191351.4876025,-0.4859742820262909,-0.1195724830031395,0.47300097346305847
1604191351.6929998,-0.4571800231933594,-0.13715961575508118,0.4832330346107483
1604191351.8983977,-0.39283692836761475,-0.24681347608566284,0.5367143154144287
1604191352.1054344,-0.357546329498291,-0.2824556827545166,0.549967348575592
1604191352.3092175,-0.3031914234161377,-0.3129701614379883,0.558026909828186
1604191352.512408,-0.23886144161224365,-0.3408711850643158,0.5590801239013672
1604191352.764479,-0.17440058290958405,-0.36500459909439087,0.581497073173523
1604191352.93789,-0.1149386540055275,-0.40045055747032166,0.6066336631774902
1604191353.142787,-0.05930061265826225,-0.44694361090660095,0.6178746819496155
1604191353.3463092,0.004878669511526823,-0.4757455885410309,0.6202164888381958
1604191353.5511653,0.004878669511526823,-0.4757455885410309,0.6202164888381958
1604191353.8109012,0.05866153910756111,-0.4792414903640747,0.596699059009552
1604191353.9601796,0.12173733860254288,-0.43527379631996155,0.5537931323051453
1604191354.1633296,0.1929813176393509,-0.3625028431415558,0.5020792484283447
1604191354.367786,0.27700912952423096,-0.2952803075313568,0.4683047831058502
1604191354.5684607,0.34968915581703186,-0.229522705078125,0.4432765543460846
1604191354.7690618,0.42934632301330566,-0.07846713811159134,0.4122113585472107
1604191354.9744697,0.4353215992450714,-0.01678667590022087,0.409874826669693
1604191355.178985,0.4394403100013733,0.02283851057291031,0.4021977186203003
1604191355.3897722,0.4644489586353302,0.030867978930473328,0.4062720537185669
1604191355.5951989,0.5181803703308105,0.009333801455795765,0.4214853048324585
1604191355.8172033,0.5796813368797302,-0.03145146369934082,0.43248701095581055
1604191356.0052884,0.6298608183860779,-0.06061141565442085,0.45115184783935547
1604191356.2099016,0.6836308240890503,-0.07915817946195602,0.46230825781822205
1604191356.4124465,0.7333627939224243,-0.09220784902572632,0.4798122048377991
1604191356.6233609,0.775380551815033,-0.08204804360866547,0.48203611373901367
1604191356.8246043,0.7924227714538574,-0.06548820436000824,0.44837960600852966
1604191357.0252447,0.7947302460670471,-0.05364169552922249,0.4221271872520447
1604191357.2270765,0.7841315865516663,-0.039136242121458054,0.4171094000339508
1604191357.428741,0.7607255578041077,-0.0016533624147996306,0.3962610960006714
1604191357.6323538,0.7607255578041077,-0.0016533624147996306,0.3962610960006714
