1604191330.9073946,1.2517976760864258,0.5431333184242249,0.6027420163154602
1604191331.1109803,1.2465412616729736,0.5341061949729919,0.6001913547515869
1604191331.315639,1.2465412616729736,0.5341061949729919,0.6001913547515869
1604191331.5206153,1.2453304529190063,0.5371968746185303,0.6010804772377014
1604191331.725971,1.2479352951049805,0.53556227684021,0.5963680148124695
1604191331.928142,1.2517675161361694,0.532858669757843,0.5991612672805786
1604191332.1288235,1.2539151906967163,0.5250994563102722,0.6002963185310364
1604191332.3323703,1.2555339336395264,0.525592565536499,0.5954751372337341
1604191332.5351443,1.2575435638427734,0.5306321382522583,0.5902135372161865
1604191332.7401714,1.2581348419189453,0.5350743532180786,0.5899410843849182
1604191332.9422603,1.2579809427261353,0.5397032499313354,0.5863673686981201
1604191333.1644342,1.2538819313049316,0.5363595485687256,0.5829679369926453
1604191333.3534026,1.24843430519104,0.5341396927833557,0.5799037218093872
1604191333.5637772,1.241162657737732,0.5400151014328003,0.5788389444351196
1604191333.7956462,1.242995023727417,0.5453613996505737,0.579677939414978
1604191333.9704497,1.2448960542678833,0.5475113391876221,0.5815914869308472
1604191334.1728175,1.2443903684616089,0.542294979095459,0.5793003439903259
1604191334.3761642,1.2401576042175293,0.5381424427032471,0.5760724544525146
1604191334.5813558,1.2258505821228027,0.530383288860321,0.5683290958404541
1604191334.78825,1.2113027572631836,0.5268739461898804,0.566845178604126
1604191334.9908245,1.1948751211166382,0.5274102091789246,0.5640321373939514
1604191335.1955597,1.18059241771698,0.5232524871826172,0.559623658657074
1604191335.4000733,1.1652849912643433,0.5287294387817383,0.5591241717338562
1604191335.6051586,1.1532889604568481,0.5318674445152283,0.5567869544029236
1604191335.8368974,1.1403977870941162,0.534122884273529,0.5508126616477966
1604191336.0147526,1.1302791833877563,0.533663809299469,0.5443421602249146
1604191336.219205,1.1001254320144653,0.5289308428764343,0.5406320095062256
1604191336.4205794,1.083857536315918,0.5254678726196289,0.533828616142273
1604191336.6213543,1.0641359090805054,0.5221863985061646,0.5353118181228638
1604191336.8240821,1.0205113887786865,0.5179953575134277,0.5219840407371521
1604191337.0294628,1.0205113887786865,0.5179953575134277,0.5219840407371521
1604191337.2332313,0.9991007447242737,0.5165626406669617,0.5175219774246216
1604191337.4378483,0.9818218350410461,0.5148578882217407,0.5177217125892639
1604191337.6487167,0.9645039439201355,0.5110687017440796,0.5110312700271606
1604191337.8492024,0.9469108581542969,0.5128934383392334,0.5064190626144409
1604191338.0546107,0.9246599078178406,0.5105944275856018,0.49768856167793274
1604191338.2571158,0.9027467966079712,0.5052128434181213,0.49437853693962097
1604191338.4993093,0.8832900524139404,0.49856460094451904,0.48707500100135803
1604191338.6675863,0.8585405945777893,0.49383842945098877,0.48358073830604553
1604191338.868586,0.8401592373847961,0.4900587797164917,0.47655919194221497
1604191339.072837,0.819121241569519,0.4858437478542328,0.47730034589767456
1604191339.2764661,0.7984851598739624,0.48955869674682617,0.4719734787940979
1604191339.4869952,0.7741621136665344,0.50334632396698,0.46746817231178284
1604191339.7393744,0.7741621136665344,0.50334632396698,0.46746817231178284
1604191339.8934815,0.7506546378135681,0.5069122910499573,0.463100403547287
1604191340.104712,0.7260921001434326,0.49729856848716736,0.4551424980163574
1604191340.3095956,0.695855438709259,0.4833301305770874,0.4491773247718811
1604191340.511403,0.6651825904846191,0.4791839122772217,0.4447391927242279
1604191340.7120192,0.6336687803268433,0.4813063144683838,0.43701642751693726
1604191340.9171681,0.568091869354248,0.46354010701179504,0.4257042407989502
1604191341.1347506,0.568091869354248,0.46354010701179504,0.4257042407989502
1604191341.3456206,0.5353138446807861,0.44457313418388367,0.41089996695518494
1604191341.5496109,0.47091221809387207,0.4284147024154663,0.40514570474624634
1604191341.750441,0.47091221809387207,0.4284147024154663,0.40514570474624634
1604191341.955792,0.44189491868019104,0.4312068819999695,0.39979299902915955
1604191342.158796,0.4051125645637512,0.43089088797569275,0.3961564302444458
1604191342.3600738,0.4051125645637512,0.43089088797569275,0.3961564302444458
1604191342.5746922,0.39945855736732483,0.434495747089386,0.39149555563926697
1604191342.780063,0.39699870347976685,0.4381870925426483,0.39018911123275757
1604191342.9851167,0.3964056074619293,0.4447939097881317,0.394420862197876
1604191343.1904583,0.3910187780857086,0.45533186197280884,0.39461207389831543
1604191343.3911893,0.3835185766220093,0.4675898849964142,0.3955031633377075
1604191343.5965767,0.3770160377025604,0.4742005467414856,0.3972954750061035
1604191343.8018873,0.37944748997688293,0.4773542582988739,0.3978998064994812
1604191344.0072665,0.38118693232536316,0.47211161255836487,0.39393025636672974
1604191344.2089665,0.38973554968833923,0.4625920355319977,0.39650437235832214
1604191344.4143527,0.3976856470108032,0.45735862851142883,0.39799344539642334
1604191344.6171842,0.409199059009552,0.4496815502643585,0.40028777718544006
1604191344.8195996,0.409199059009552,0.4496815502643585,0.40028777718544006
1604191345.0213873,0.41129568219184875,0.4511151909828186,0.40351811051368713
1604191345.225056,0.41309577226638794,0.45370498299598694,0.404541552066803
1604191345.4268062,0.41309577226638794,0.45370498299598694,0.404541552066803
1604191345.6281378,0.415681391954422,0.4570755958557129,0.4080200791358948
1604191345.833494,0.4217553734779358,0.4519357681274414,0.4022696614265442
1604191346.0357056,0.4217553734779358,0.4519357681274414,0.4022696614265442
1604191346.2383535,0.4132072329521179,0.45163494348526,0.40087711811065674
1604191346.4431658,0.3993738889694214,0.4523639976978302,0.3932951092720032
1604191346.6827803,0.39035218954086304,0.4478224515914917,0.39199021458625793
1604191346.8553736,0.38735008239746094,0.4438926577568054,0.3948674201965332
1604191347.0600035,0.38617074489593506,0.44309037923812866,0.3930314779281616
1604191347.3020637,0.3880648612976074,0.4482347369194031,0.3946545422077179
1604191347.4672318,0.3884095251560211,0.45659539103507996,0.3957357406616211
1604191347.6677463,0.38897258043289185,0.4619297385215759,0.3951844871044159
1604191347.9270139,0.38897258043289185,0.4619297385215759,0.3951844871044159
1604191348.0721612,0.3907112777233124,0.4602808356285095,0.401519775390625
1604191348.2751005,0.40376579761505127,0.4554997384548187,0.39598241448402405
1604191348.5549066,0.40516963601112366,0.4510483741760254,0.3983086943626404
1604191348.6891139,0.40162935853004456,0.4506133794784546,0.3985423445701599
1604191348.892894,0.397201269865036,0.44669607281684875,0.39826682209968567
1604191349.09618,0.3906458914279938,0.44520455598831177,0.398513525724411
1604191349.3011801,0.3906458914279938,0.44520455598831177,0.398513525724411
1604191349.5055494,0.3926396071910858,0.4420371353626251,0.39982229471206665
1604191349.707759,0.3998938202857971,0.4368177056312561,0.39446818828582764
1604191349.9101207,0.40510666370391846,0.4375055432319641,0.39700207114219666
1604191350.128721,0.4085088074207306,0.4402170181274414,0.39575543999671936
1604191350.3312073,0.40769997239112854,0.4438423812389374,0.3956512212753296
1604191350.5363917,0.4081958830356598,0.44466787576675415,0.39779719710350037
1604191350.7417543,0.40893957018852234,0.44464001059532166,0.3976568579673767
1604191351.021683,0.41190797090530396,0.44377437233924866,0.39710959792137146
1604191351.1498666,0.4125252664089203,0.44553717970848083,0.3934122323989868
1604191351.3552392,0.4120734632015228,0.44879698753356934,0.3947333097457886
1604191351.6056886,0.4057564437389374,0.451917439699173,0.40399056673049927
1604191351.821928,0.4057564437389374,0.451917439699173,0.40399056673049927
1604191351.9664547,0.39646556973457336,0.45558327436447144,0.40222951769828796
1604191352.1718915,0.3877028822898865,0.449899286031723,0.39570537209510803
1604191352.3749526,0.39028239250183105,0.4485315680503845,0.39390167593955994
1604191352.5791936,0.39301440119743347,0.4453483819961548,0.3951175808906555
1604191352.7844625,0.40094539523124695,0.445970356464386,0.3990437686443329
1604191352.989215,0.40058931708335876,0.4484012722969055,0.40209639072418213
1604191353.1924443,0.3965805768966675,0.4540623724460602,0.4006565809249878
1604191353.3977208,0.39282113313674927,0.45728063583374023,0.396502822637558
1604191353.598144,0.3910771608352661,0.45789065957069397,0.3973715007305145
1604191353.7993565,0.39404746890068054,0.45472174882888794,0.40102291107177734
1604191354.0026777,0.3988269567489624,0.45335015654563904,0.40503963828086853
1604191354.2062273,0.4050401449203491,0.45334482192993164,0.40487536787986755
1604191354.4090762,0.4100510776042938,0.45492061972618103,0.4009992778301239
1604191354.6115148,0.40819251537323,0.4561810791492462,0.3993770480155945
1604191354.8191876,0.4000362157821655,0.4574688673019409,0.3999869227409363
1604191355.0235152,0.3965187668800354,0.4565648138523102,0.40064167976379395
1604191355.2289977,0.3974125385284424,0.4572788178920746,0.40256357192993164
1604191355.4339619,0.4044359028339386,0.45992228388786316,0.4025254547595978
1604191355.6450014,0.4085192084312439,0.45681092143058777,0.3989376127719879
1604191355.8491282,0.41352134943008423,0.45282137393951416,0.40140223503112793
1604191356.053241,0.40863338112831116,0.4513550102710724,0.40248173475265503
1604191356.2582994,0.4061205983161926,0.4506538510322571,0.3996637761592865
1604191356.4606388,0.40300461649894714,0.4538081884384155,0.39460068941116333
1604191356.662218,0.4054844081401825,0.46068766713142395,0.3950684368610382
1604191356.8697298,0.41100335121154785,0.4635150730609894,0.3961755931377411
1604191357.0750823,0.4125678539276123,0.4614570140838623,0.395410418510437
1604191357.2795563,0.4125678539276123,0.4614570140838623,0.395410418510437
1604191357.4831998,0.40763282775878906,0.4552779793739319,0.39510321617126465
1604191357.6879008,0.390944242477417,0.4377152621746063,0.40477481484413147
1604191357.8930483,0.39148440957069397,0.43668892979621887,0.40806177258491516
