1607155621.7982304,0.5127711873501539,0.032557062804698944,0.22223594784736633,0.012771187350153923,0.032557062804698944,0.22223594784736633
1607155622.0026462,0.5127711873501539,0.032557062804698944,0.22223594784736633,0.012771187350153923,0.032557062804698944,0.22223594784736633
1607155622.2043672,0.5078397337347269,0.007684268523007631,0.3681391775608063,0.007839733734726906,0.007684268523007631,0.3681391775608063
1607155622.4053662,0.5078397337347269,0.007684268523007631,0.3681391775608063,0.007839733734726906,0.007684268523007631,0.3681391775608063
1607155622.6073275,0.5204029902815819,0.016555719077587128,0.3946656584739685,0.02040299028158188,0.016555719077587128,0.3946656584739685
1607155622.8129861,0.5197164602577686,0.03918179124593735,0.4035758674144745,0.01971646025776863,0.03918179124593735,0.4035758674144745
1607155623.0136428,0.5197164602577686,0.03918179124593735,0.4035758674144745,0.01971646025776863,0.03918179124593735,0.4035758674144745
1607155623.2251558,0.5197164602577686,0.03918179124593735,0.4035758674144745,0.01971646025776863,0.03918179124593735,0.4035758674144745
1607155623.4160254,0.509447350166738,0.02856501005589962,0.42232829332351685,0.009447350166738033,0.02856501005589962,0.42232829332351685
1607155623.6181536,0.5134551869705319,0.025166433304548264,0.42684027552604675,0.01345518697053194,0.025166433304548264,0.42684027552604675
1607155623.8217826,0.5134551869705319,0.025166433304548264,0.42684027552604675,0.01345518697053194,0.025166433304548264,0.42684027552604675
1607155624.0751414,0.5134551869705319,0.025166433304548264,0.42684027552604675,0.01345518697053194,0.025166433304548264,0.42684027552604675
1607155624.2245784,0.5151041839271784,0.02464086376130581,0.4321582019329071,0.015104183927178383,0.02464086376130581,0.4321582019329071
1607155624.4259353,0.504286187235266,0.02315462939441204,0.434528648853302,0.00428618723526597,0.02315462939441204,0.434528648853302
1607155624.626417,0.504286187235266,0.02315462939441204,0.434528648853302,0.00428618723526597,0.02315462939441204,0.434528648853302
1607155624.8305225,0.5090982178226113,0.02278256043791771,0.43589726090431213,0.009098217822611332,0.02278256043791771,0.43589726090431213
1607155625.0460222,0.5090982178226113,0.02278256043791771,0.43589726090431213,0.009098217822611332,0.02278256043791771,0.43589726090431213
1607155625.239509,0.5090982178226113,0.02278256043791771,0.43589726090431213,0.009098217822611332,0.02278256043791771,0.43589726090431213
1607155625.4414525,0.5122487675398588,0.023731745779514313,0.4348727762699127,0.012248767539858818,0.023731745779514313,0.4348727762699127
1607155625.6449971,0.5166867710649967,0.02698574587702751,0.4377357065677643,0.01668677106499672,0.02698574587702751,0.4377357065677643
1607155625.8503118,0.5166867710649967,0.02698574587702751,0.4377357065677643,0.01668677106499672,0.02698574587702751,0.4377357065677643
1607155626.0530603,0.5205330643802881,0.03607121482491493,0.43348249793052673,0.020533064380288124,0.03607121482491493,0.43348249793052673
1607155626.3313909,0.5205330643802881,0.03607121482491493,0.43348249793052673,0.020533064380288124,0.03607121482491493,0.43348249793052673
1607155626.4544687,0.5205330643802881,0.03607121482491493,0.43348249793052673,0.020533064380288124,0.03607121482491493,0.43348249793052673
1607155626.666279,0.5176993850618601,0.0379205048084259,0.42943286895751953,0.017699385061860085,0.0379205048084259,0.42943286895751953
1607155626.8684695,0.5117986313998699,0.03806239366531372,0.4311779737472534,0.011798631399869919,0.03806239366531372,0.4311779737472534
1607155627.0738583,0.5117986313998699,0.03806239366531372,0.4311779737472534,0.011798631399869919,0.03806239366531372,0.4311779737472534
1607155627.2790039,0.511936292052269,0.03813467547297478,0.42785975337028503,0.011936292052268982,0.03813467547297478,0.42785975337028503
1607155627.4811144,0.511936292052269,0.03813467547297478,0.42785975337028503,0.011936292052268982,0.03813467547297478,0.42785975337028503
1607155627.691763,0.5523582436144352,0.0384756438434124,0.4269755184650421,0.052358243614435196,0.0384756438434124,0.4269755184650421
1607155627.9135866,0.5523582436144352,0.0384756438434124,0.4269755184650421,0.052358243614435196,0.0384756438434124,0.4269755184650421
1607155628.0986056,0.5786280408501625,0.03338805213570595,0.4298567771911621,0.0786280408501625,0.03338805213570595,0.4298567771911621
1607155628.349261,0.5786280408501625,0.03338805213570595,0.4298567771911621,0.0786280408501625,0.03338805213570595,0.4298567771911621
1607155628.506888,0.7907174527645111,0.03241554647684097,0.4063192307949066,0.2907174527645111,0.03241554647684097,0.4063192307949066
1607155628.7073572,0.7907174527645111,0.03241554647684097,0.4063192307949066,0.2907174527645111,0.03241554647684097,0.4063192307949066
1607155628.9118044,1.1764854192733765,0.037747349590063095,0.41728952527046204,0.6764854192733765,0.037747349590063095,0.41728952527046204
1607155629.1231635,1.1764854192733765,0.037747349590063095,0.41728952527046204,0.6764854192733765,0.037747349590063095,0.41728952527046204
1607155629.3554657,1.18683260679245,0.014155689626932144,0.36959218978881836,0.68683260679245,0.014155689626932144,0.36959218978881836
1607155629.53346,1.18683260679245,0.014155689626932144,0.36959218978881836,0.68683260679245,0.014155689626932144,0.36959218978881836
1607155629.7526948,0.756444126367569,0.014857378788292408,0.48453158140182495,0.25644412636756897,0.014857378788292408,0.48453158140182495
1607155629.9539337,0.756444126367569,0.014857378788292408,0.48453158140182495,0.25644412636756897,0.014857378788292408,0.48453158140182495
1607155630.1654525,0.37270893156528473,0.0459781289100647,0.3972652554512024,-0.12729106843471527,0.0459781289100647,0.3972652554512024
1607155630.3702338,0.37270893156528473,0.0459781289100647,0.3972652554512024,-0.12729106843471527,0.0459781289100647,0.3972652554512024
1607155630.604232,0.11034715175628662,0.03717069327831268,0.42285311222076416,-0.3896528482437134,0.03717069327831268,0.42285311222076416
1607155630.8614821,0.11034715175628662,0.03717069327831268,0.42285311222076416,-0.3896528482437134,0.03717069327831268,0.42285311222076416
1607155630.9929378,-0.022436857223510742,0.022821567952632904,0.41193437576293945,-0.5224368572235107,0.022821567952632904,0.41193437576293945
1607155631.1961257,-0.022436857223510742,0.022821567952632904,0.41193437576293945,-0.5224368572235107,0.022821567952632904,0.41193437576293945
1607155631.4111476,-0.043183326721191406,0.0358482226729393,0.41300463676452637,-0.5431833267211914,0.0358482226729393,0.41300463676452637
1607155631.6271024,-0.03177905082702637,0.048162903636693954,0.41306203603744507,-0.5317790508270264,0.048162903636693954,0.41306203603744507
1607155631.8275955,-0.03177905082702637,0.048162903636693954,0.41306203603744507,-0.5317790508270264,0.048162903636693954,0.41306203603744507
1607155632.0328684,-0.03177905082702637,0.048162903636693954,0.41306203603744507,-0.5317790508270264,0.048162903636693954,0.41306203603744507
1607155632.2361813,-0.01634448766708374,0.037781957536935806,0.41160500049591064,-0.5163444876670837,0.037781957536935806,0.41160500049591064
1607155632.4400525,-0.002430856227874756,0.029791755601763725,0.40900903940200806,-0.5024308562278748,0.029791755601763725,0.40900903940200806
1607155632.6455448,-0.002430856227874756,0.029791755601763725,0.40900903940200806,-0.5024308562278748,0.029791755601763725,0.40900903940200806
1607155632.8494213,0.003319680690765381,0.027786176651716232,0.404996782541275,-0.4966803193092346,0.027786176651716232,0.404996782541275
1607155633.0512254,0.003319680690765381,0.027786176651716232,0.404996782541275,-0.4966803193092346,0.027786176651716232,0.404996782541275
1607155633.2556806,0.0043441057205200195,0.030364876613020897,0.4012466371059418,-0.49565589427948,0.030364876613020897,0.4012466371059418
1607155633.4610565,0.0043441057205200195,0.030364876613020897,0.4012466371059418,-0.49565589427948,0.030364876613020897,0.4012466371059418
1607155633.6632967,0.007364839315414429,0.027657009661197662,0.40584003925323486,-0.49263516068458557,0.027657009661197662,0.40584003925323486
1607155633.8675678,0.007364839315414429,0.027657009661197662,0.40584003925323486,-0.49263516068458557,0.027657009661197662,0.40584003925323486
1607155634.071572,0.012245237827301025,0.025939183309674263,0.40727075934410095,-0.487754762172699,0.025939183309674263,0.40727075934410095
1607155634.294985,0.012245237827301025,0.025939183309674263,0.40727075934410095,-0.487754762172699,0.025939183309674263,0.40727075934410095
1607155634.4800525,0.011924803256988525,0.03134214133024216,0.40733855962753296,-0.4880751967430115,0.03134214133024216,0.40733855962753296
1607155634.6818712,0.011924803256988525,0.03134214133024216,0.40733855962753296,-0.4880751967430115,0.03134214133024216,0.40733855962753296
1607155634.8882952,0.011924803256988525,0.03134214133024216,0.40733855962753296,-0.4880751967430115,0.03134214133024216,0.40733855962753296
1607155635.0918846,0.007298111915588379,0.03620634227991104,0.4071711301803589,-0.4927018880844116,0.03620634227991104,0.4071711301803589
1607155635.2939641,0.01084849238395691,0.03403801843523979,0.400723934173584,-0.4891515076160431,0.03403801843523979,0.400723934173584
1607155635.499857,0.01084849238395691,0.03403801843523979,0.400723934173584,-0.4891515076160431,0.03403801843523979,0.400723934173584
1607155635.7043755,0.08412238955497742,0.03296473249793053,0.40425729751586914,-0.4158776104450226,0.03296473249793053,0.40425729751586914
1607155635.909391,0.08412238955497742,0.03296473249793053,0.40425729751586914,-0.4158776104450226,0.03296473249793053,0.40425729751586914
1607155636.1504757,0.22307723760604858,0.03920401632785797,0.4074597656726837,-0.2769227623939514,0.03920401632785797,0.4074597656726837
1607155636.3184009,0.22307723760604858,0.03920401632785797,0.4074597656726837,-0.2769227623939514,0.03920401632785797,0.4074597656726837
1607155636.5371983,0.3146216571331024,0.03506174683570862,0.403042197227478,-0.18537834286689758,0.03506174683570862,0.403042197227478
1607155636.7381163,0.3146216571331024,0.03506174683570862,0.403042197227478,-0.18537834286689758,0.03506174683570862,0.403042197227478
1607155636.9435127,0.21114158630371094,0.03159845992922783,0.4035847783088684,-0.28885841369628906,0.03159845992922783,0.4035847783088684
1607155637.1471913,0.21114158630371094,0.03159845992922783,0.4035847783088684,-0.28885841369628906,0.03159845992922783,0.4035847783088684
1607155637.3533497,0.03968954086303711,0.03314562141895294,0.4047149121761322,-0.4603104591369629,0.03314562141895294,0.4047149121761322
1607155637.5564964,0.03968954086303711,0.03314562141895294,0.4047149121761322,-0.4603104591369629,0.03314562141895294,0.4047149121761322
1607155637.7960467,0.01707226037979126,0.029278038069605827,0.40267157554626465,-0.48292773962020874,0.029278038069605827,0.40267157554626465
1607155637.960375,0.01707226037979126,0.029278038069605827,0.40267157554626465,-0.48292773962020874,0.029278038069605827,0.40267157554626465
1607155638.161194,0.23975259065628052,0.02704520896077156,0.3959009051322937,-0.2602474093437195,0.02704520896077156,0.3959009051322937
1607155638.366511,0.23975259065628052,0.02704520896077156,0.3959009051322937,-0.2602474093437195,0.02704520896077156,0.3959009051322937
1607155638.571902,0.6328306198120117,0.03926842659711838,0.4043161869049072,0.13283061981201172,0.03926842659711838,0.4043161869049072
1607155638.805033,0.6328306198120117,0.03926842659711838,0.4043161869049072,0.13283061981201172,0.03926842659711838,0.4043161869049072
1607155638.9822783,0.7967711389064789,0.037991564720869064,0.3847351372241974,0.2967711389064789,0.037991564720869064,0.3847351372241974
1607155639.1849263,0.7967711389064789,0.037991564720869064,0.3847351372241974,0.2967711389064789,0.037991564720869064,0.3847351372241974
1607155639.3862405,0.4814391788095236,0.026497865095734596,0.39694833755493164,-0.018560821190476418,0.026497865095734596,0.39694833755493164
1607155639.5870912,0.4814391788095236,0.026497865095734596,0.39694833755493164,-0.018560821190476418,0.026497865095734596,0.39694833755493164
1607155639.7893867,0.12033724784851074,0.0347776934504509,0.40463340282440186,-0.37966275215148926,0.0347776934504509,0.40463340282440186
1607155640.035336,0.12033724784851074,0.0347776934504509,0.40463340282440186,-0.37966275215148926,0.0347776934504509,0.40463340282440186
1607155640.1947963,-0.0030828118324279785,0.04582308977842331,0.4091152548789978,-0.503082811832428,0.04582308977842331,0.4091152548789978
1607155640.3973193,-0.0030828118324279785,0.04582308977842331,0.4091152548789978,-0.503082811832428,0.04582308977842331,0.4091152548789978
1607155640.602459,0.002562284469604492,0.02813654951751232,0.4066970646381378,-0.4974377155303955,0.02813654951751232,0.4066970646381378
1607155640.8043802,0.002562284469604492,0.02813654951751232,0.4066970646381378,-0.4974377155303955,0.02813654951751232,0.4066970646381378
1607155641.0089788,-0.02342700958251953,0.021875135600566864,0.40217602252960205,-0.5234270095825195,0.021875135600566864,0.40217602252960205
1607155641.2789474,-0.02342700958251953,0.021875135600566864,0.40217602252960205,-0.5234270095825195,0.021875135600566864,0.40217602252960205
1607155641.4306662,-0.07694172859191895,0.032537057995796204,0.40414270758628845,-0.576941728591919,0.032537057995796204,0.40414270758628845
1607155641.6355045,-0.07694172859191895,0.032537057995796204,0.40414270758628845,-0.576941728591919,0.032537057995796204,0.40414270758628845
1607155641.8464382,-0.0481640100479126,0.031018709763884544,0.3970734775066376,-0.5481640100479126,0.031018709763884544,0.3970734775066376
1607155642.0513828,-0.0481640100479126,0.031018709763884544,0.3970734775066376,-0.5481640100479126,0.031018709763884544,0.3970734775066376
1607155642.2621248,-0.04721158742904663,0.029916534200310707,0.40122106671333313,-0.5472115874290466,0.029916534200310707,0.40122106671333313
1607155642.4674428,-0.35862869024276733,0.03672042489051819,0.39386647939682007,-0.8586286902427673,0.03672042489051819,0.39386647939682007
1607155642.6706464,-0.35862869024276733,0.03672042489051819,0.39386647939682007,-0.8586286902427673,0.03672042489051819,0.39386647939682007
1607155642.873119,-0.4769495129585266,0.030688155442476273,0.38836878538131714,-0.9769495129585266,0.030688155442476273,0.38836878538131714
1607155643.1328409,-0.4769495129585266,0.030688155442476273,0.38836878538131714,-0.9769495129585266,0.030688155442476273,0.38836878538131714
1607155643.2741222,-0.19591325521469116,0.033513396978378296,0.40058785676956177,-0.6959132552146912,0.033513396978378296,0.40058785676956177
1607155643.4754505,-0.19591325521469116,0.033513396978378296,0.40058785676956177,-0.6959132552146912,0.033513396978378296,0.40058785676956177
1607155643.7227077,-0.19591325521469116,0.033513396978378296,0.40058785676956177,-0.6959132552146912,0.033513396978378296,0.40058785676956177
1607155643.8855798,-0.00043332576751708984,0.043287135660648346,0.39937373995780945,-0.5004333257675171,0.043287135660648346,0.39937373995780945
1607155644.0889482,-0.0010843873023986816,0.04494163393974304,0.40319836139678955,-0.5010843873023987,0.04494163393974304,0.40319836139678955
1607155644.2916152,-0.0010843873023986816,0.04494163393974304,0.40319836139678955,-0.5010843873023987,0.04494163393974304,0.40319836139678955
1607155644.4970033,0.004303932189941406,0.035427190363407135,0.41179391741752625,-0.4956960678100586,0.035427190363407135,0.41179391741752625
1607155644.701777,0.004303932189941406,0.035427190363407135,0.41179391741752625,-0.4956960678100586,0.035427190363407135,0.41179391741752625
1607155644.9391344,0.004303932189941406,0.035427190363407135,0.41179391741752625,-0.4956960678100586,0.035427190363407135,0.41179391741752625
1607155645.125229,0.032383352518081665,0.03189171850681305,0.4090258479118347,-0.46761664748191833,0.03189171850681305,0.4090258479118347
1607155645.3724785,0.02347666025161743,0.03701368719339371,0.4046684503555298,-0.47652333974838257,0.03701368719339371,0.4046684503555298
1607155645.5305808,0.02347666025161743,0.03701368719339371,0.4046684503555298,-0.47652333974838257,0.03701368719339371,0.4046684503555298
1607155645.7329319,0.010012447834014893,0.10589981824159622,0.40203937888145447,-0.4899875521659851,0.10589981824159622,0.40203937888145447
1607155645.9446847,0.010012447834014893,0.10589981824159622,0.40203937888145447,-0.4899875521659851,0.10589981824159622,0.40203937888145447
1607155646.1453965,0.008673906326293945,0.13799770176410675,0.3967057168483734,-0.49132609367370605,0.13799770176410675,0.3967057168483734
1607155646.3497648,0.008673906326293945,0.13799770176410675,0.3967057168483734,-0.49132609367370605,0.13799770176410675,0.3967057168483734
1607155646.5771456,0.009120345115661621,0.04168581962585449,0.40720731019973755,-0.4908796548843384,0.04168581962585449,0.40720731019973755
1607155646.8148487,0.009120345115661621,0.04168581962585449,0.40720731019973755,-0.4908796548843384,0.04168581962585449,0.40720731019973755
1607155646.9575238,0.002036482095718384,0.02524256892502308,0.39787986874580383,-0.4979635179042816,0.02524256892502308,0.39787986874580383
1607155647.1594913,0.002036482095718384,0.02524256892502308,0.39787986874580383,-0.4979635179042816,0.02524256892502308,0.39787986874580383
1607155647.3625064,-1.7702579498291016e-05,0.044481903314590454,0.39898982644081116,-0.5000177025794983,0.044481903314590454,0.39898982644081116
1607155647.5843885,-1.7702579498291016e-05,0.044481903314590454,0.39898982644081116,-0.5000177025794983,0.044481903314590454,0.39898982644081116
1607155647.7732034,0.004410594701766968,0.02959447167813778,0.399669885635376,-0.49558940529823303,0.02959447167813778,0.399669885635376
1607155647.9792464,0.004410594701766968,0.02959447167813778,0.399669885635376,-0.49558940529823303,0.02959447167813778,0.399669885635376
1607155648.1853082,0.0027255117893218994,0.026680704206228256,0.3965243995189667,-0.4972744882106781,0.026680704206228256,0.3965243995189667
1607155648.3906765,0.0027255117893218994,0.026680704206228256,0.3965243995189667,-0.4972744882106781,0.026680704206228256,0.3965243995189667
1607155648.5948772,0.002435445785522461,0.03483616188168526,0.40080463886260986,-0.49756455421447754,0.03483616188168526,0.40080463886260986
1607155648.7981694,0.002435445785522461,0.03483616188168526,0.40080463886260986,-0.49756455421447754,0.03483616188168526,0.40080463886260986
1607155649.0300636,0.008581817150115967,0.029961254447698593,0.39850813150405884,-0.49141818284988403,0.029961254447698593,0.39850813150405884
1607155649.2354486,0.008581817150115967,0.029961254447698593,0.39850813150405884,-0.49141818284988403,0.029961254447698593,0.39850813150405884
1607155649.5269935,0.005899488925933838,0.030376017093658447,0.3922453820705414,-0.49410051107406616,0.030376017093658447,0.3922453820705414
1607155649.6572692,0.002206563949584961,0.03096725046634674,0.4016897678375244,-0.49779343605041504,0.03096725046634674,0.4016897678375244
1607155649.862603,0.002206563949584961,0.03096725046634674,0.4016897678375244,-0.49779343605041504,0.03096725046634674,0.4016897678375244
1607155650.0664725,0.00532105565071106,0.028975123539566994,0.40076518058776855,-0.49467894434928894,0.028975123539566994,0.40076518058776855
1607155650.2714643,0.00532105565071106,0.028975123539566994,0.40076518058776855,-0.49467894434928894,0.028975123539566994,0.40076518058776855
1607155650.4751768,0.00926196575164795,0.03016529232263565,0.3978295624256134,-0.49073803424835205,0.03016529232263565,0.3978295624256134
1607155650.6859663,0.00926196575164795,0.03016529232263565,0.3978295624256134,-0.49073803424835205,0.03016529232263565,0.3978295624256134
1607155650.8894048,-0.03655660152435303,0.02579670213162899,0.3999321460723877,-0.536556601524353,0.02579670213162899,0.3999321460723877
1607155651.0903509,-0.03655660152435303,0.02579670213162899,0.3999321460723877,-0.536556601524353,0.02579670213162899,0.3999321460723877
1607155651.2957385,-0.03655660152435303,0.02579670213162899,0.3999321460723877,-0.536556601524353,0.02579670213162899,0.3999321460723877
1607155651.499059,-0.19894450902938843,0.024106867611408234,0.4024674892425537,-0.6989445090293884,0.024106867611408234,0.4024674892425537
1607155651.7020218,-0.5346299409866333,0.0343460887670517,0.39266669750213623,-1.0346299409866333,0.0343460887670517,0.39266669750213623
1607155651.905758,-0.5346299409866333,0.0343460887670517,0.39266669750213623,-1.0346299409866333,0.0343460887670517,0.39266669750213623
1607155652.1077552,-0.633927583694458,0.06307239830493927,0.387746125459671,-1.133927583694458,0.06307239830493927,0.387746125459671
1607155652.3113537,-0.633927583694458,0.06307239830493927,0.387746125459671,-1.133927583694458,0.06307239830493927,0.387746125459671
1607155652.5166178,-0.31112247705459595,0.04101238399744034,0.40227845311164856,-0.811122477054596,0.04101238399744034,0.40227845311164856
1607155652.7196136,-0.31112247705459595,0.04101238399744034,0.40227845311164856,-0.811122477054596,0.04101238399744034,0.40227845311164856
1607155652.9224696,-0.024679839611053467,0.008197318762540817,0.3955739736557007,-0.5246798396110535,0.008197318762540817,0.3955739736557007
1607155653.1257482,-0.024679839611053467,0.008197318762540817,0.3955739736557007,-0.5246798396110535,0.008197318762540817,0.3955739736557007
1607155653.3319023,0.015014797449111938,0.03573889657855034,0.39718547463417053,-0.48498520255088806,0.03573889657855034,0.39718547463417053
1607155653.5428178,0.015014797449111938,0.03573889657855034,0.39718547463417053,-0.48498520255088806,0.03573889657855034,0.39718547463417053
1607155653.7453957,0.007480889558792114,0.031303245574235916,0.40574800968170166,-0.4925191104412079,0.031303245574235916,0.40574800968170166
1607155653.951304,0.007480889558792114,0.031303245574235916,0.40574800968170166,-0.4925191104412079,0.031303245574235916,0.40574800968170166
1607155654.1671367,0.035829514265060425,0.028594719246029854,0.4052194356918335,-0.4641704857349396,0.028594719246029854,0.4052194356918335
1607155654.372328,0.035829514265060425,0.028594719246029854,0.4052194356918335,-0.4641704857349396,0.028594719246029854,0.4052194356918335
1607155654.5759015,0.036738067865371704,0.03700029477477074,0.3956356644630432,-0.4632619321346283,0.03700029477477074,0.3956356644630432
1607155654.8241339,0.036738067865371704,0.03700029477477074,0.3956356644630432,-0.4632619321346283,0.03700029477477074,0.3956356644630432
1607155654.9861553,0.023594319820404053,0.025156624615192413,0.40119874477386475,-0.47640568017959595,0.025156624615192413,0.40119874477386475
1607155655.1875515,0.023594319820404053,0.025156624615192413,0.40119874477386475,-0.47640568017959595,0.025156624615192413,0.40119874477386475
1607155655.388752,0.02041366696357727,0.030464395880699158,0.39661550521850586,-0.47958633303642273,0.030464395880699158,0.39661550521850586
1607155655.601433,0.02041366696357727,0.030464395880699158,0.39661550521850586,-0.47958633303642273,0.030464395880699158,0.39661550521850586
1607155655.793654,0.010297536849975586,0.055673398077487946,0.39158788323402405,-0.4897024631500244,0.055673398077487946,0.39158788323402405
1607155655.9969754,0.010297536849975586,0.055673398077487946,0.39158788323402405,-0.4897024631500244,0.055673398077487946,0.39158788323402405
1607155656.1987872,0.008826911449432373,0.0433402881026268,0.4069623351097107,-0.4911730885505676,0.0433402881026268,0.4069623351097107
1607155656.4020448,0.008826911449432373,0.0433402881026268,0.4069623351097107,-0.4911730885505676,0.0433402881026268,0.4069623351097107
1607155656.6028345,0.021339327096939087,0.021231383085250854,0.40902698040008545,-0.4786606729030609,0.021231383085250854,0.40902698040008545
1607155656.8068686,0.021339327096939087,0.021231383085250854,0.40902698040008545,-0.4786606729030609,0.021231383085250854,0.40902698040008545
1607155657.01119,0.0003133714199066162,0.03173546493053436,0.411032110452652,-0.4996866285800934,0.03173546493053436,0.411032110452652
1607155657.2135632,0.0003133714199066162,0.03173546493053436,0.411032110452652,-0.4996866285800934,0.03173546493053436,0.411032110452652
1607155657.4772968,-0.01108163595199585,0.032055288553237915,0.4031216502189636,-0.5110816359519958,0.032055288553237915,0.4031216502189636
1607155657.6241932,-0.01108163595199585,0.032055288553237915,0.4031216502189636,-0.5110816359519958,0.032055288553237915,0.4031216502189636
1607155657.8255413,0.004239678382873535,-0.013101749122142792,0.4015384018421173,-0.49576032161712646,-0.013101749122142792,0.4015384018421173
1607155658.027037,0.021780043840408325,-0.13450856506824493,0.40264952182769775,-0.4782199561595917,-0.13450856506824493,0.40264952182769775
1607155658.2329113,0.021780043840408325,-0.13450856506824493,0.40264952182769775,-0.4782199561595917,-0.13450856506824493,0.40264952182769775
1607155658.4604602,-0.0014006495475769043,-0.1422560214996338,0.3916408121585846,-0.5014006495475769,-0.1422560214996338,0.3916408121585846
1607155658.6413457,-0.0014006495475769043,-0.1422560214996338,0.3916408121585846,-0.5014006495475769,-0.1422560214996338,0.3916408121585846
1607155658.84274,-0.0014006495475769043,-0.1422560214996338,0.3916408121585846,-0.5014006495475769,-0.1422560214996338,0.3916408121585846
1607155659.0461204,-0.20569223165512085,-0.06113405153155327,0.3896200358867645,-0.7056922316551208,-0.06113405153155327,0.3896200358867645
1607155659.2847335,-0.20569223165512085,-0.06113405153155327,0.3896200358867645,-0.7056922316551208,-0.06113405153155327,0.3896200358867645
1607155659.451984,-0.1442665457725525,-0.026327261701226234,0.38370075821876526,-0.6442665457725525,-0.026327261701226234,0.38370075821876526
1607155659.6538157,-0.1442665457725525,-0.026327261701226234,0.38370075821876526,-0.6442665457725525,-0.026327261701226234,0.38370075821876526
1607155659.8746161,0.004318445920944214,0.03601030632853508,0.40935784578323364,-0.4956815540790558,0.03601030632853508,0.40935784578323364
1607155660.099028,0.004318445920944214,0.03601030632853508,0.40935784578323364,-0.4956815540790558,0.03601030632853508,0.40935784578323364
1607155660.268012,0.014939934015274048,0.05809755623340607,0.4092608094215393,-0.48506006598472595,0.05809755623340607,0.4092608094215393
1607155660.498206,0.009516775608062744,0.03623497113585472,0.4094153940677643,-0.49048322439193726,0.03623497113585472,0.4094153940677643
1607155660.6760287,0.009516775608062744,0.03623497113585472,0.4094153940677643,-0.49048322439193726,0.03623497113585472,0.4094153940677643
1607155660.8797758,0.025423109531402588,0.029973942786455154,0.4020242989063263,-0.4745768904685974,0.029973942786455154,0.4020242989063263
1607155661.08367,0.025423109531402588,0.029973942786455154,0.4020242989063263,-0.4745768904685974,0.029973942786455154,0.4020242989063263
1607155661.2852302,6.136298179626465e-05,0.04078168794512749,0.40775036811828613,-0.49993863701820374,0.04078168794512749,0.40775036811828613
1607155661.4876273,6.136298179626465e-05,0.04078168794512749,0.40775036811828613,-0.49993863701820374,0.04078168794512749,0.40775036811828613
1607155661.7190516,6.136298179626465e-05,0.04078168794512749,0.40775036811828613,-0.49993863701820374,0.04078168794512749,0.40775036811828613
1607155661.8937824,-0.2531578540802002,0.032330889254808426,0.39593175053596497,-0.7531578540802002,0.032330889254808426,0.39593175053596497
1607155662.098693,-0.32417893409729004,0.025884969159960747,0.3827163875102997,-0.82417893409729,0.025884969159960747,0.3827163875102997
1607155662.303571,-0.32417893409729004,0.025884969159960747,0.3827163875102997,-0.82417893409729,0.025884969159960747,0.3827163875102997
1607155662.5090048,-0.22146761417388916,0.034593213349580765,0.40862300992012024,-0.7214676141738892,0.034593213349580765,0.40862300992012024
1607155662.7142425,-0.22146761417388916,0.034593213349580765,0.40862300992012024,-0.7214676141738892,0.034593213349580765,0.40862300992012024
1607155662.958896,-0.22146761417388916,0.034593213349580765,0.40862300992012024,-0.7214676141738892,0.034593213349580765,0.40862300992012024
1607155663.118593,-0.11774241924285889,0.02891714684665203,0.4020780622959137,-0.6177424192428589,0.02891714684665203,0.4020780622959137
1607155663.3195071,0.004675865173339844,0.03403053805232048,0.4065170884132385,-0.49532413482666016,0.03403053805232048,0.4065170884132385
1607155663.5203223,0.004675865173339844,0.03403053805232048,0.4065170884132385,-0.49532413482666016,0.03403053805232048,0.4065170884132385
1607155663.7372174,0.004675865173339844,0.03403053805232048,0.4065170884132385,-0.49532413482666016,0.03403053805232048,0.4065170884132385
1607155663.9763749,0.024296879768371582,0.04633321985602379,0.4029240608215332,-0.4757031202316284,0.04633321985602379,0.4029240608215332
1607155664.177974,0.014414608478546143,0.04058777913451195,0.40375903248786926,-0.48558539152145386,0.04058777913451195,0.40375903248786926
1607155664.4053128,0.014414608478546143,0.04058777913451195,0.40375903248786926,-0.48558539152145386,0.04058777913451195,0.40375903248786926
1607155664.6271276,0.021423161029815674,0.03396571800112724,0.40387144684791565,-0.4785768389701843,0.03396571800112724,0.40387144684791565
1607155664.7722595,0.021423161029815674,0.03396571800112724,0.40387144684791565,-0.4785768389701843,0.03396571800112724,0.40387144684791565
1607155664.9741824,0.019424498081207275,0.03786971792578697,0.4039554297924042,-0.4805755019187927,0.03786971792578697,0.4039554297924042
1607155665.1751592,0.019424498081207275,0.03786971792578697,0.4039554297924042,-0.4805755019187927,0.03786971792578697,0.4039554297924042
1607155665.3878608,0.01393657922744751,0.038885243237018585,0.4071793556213379,-0.4860634207725525,0.038885243237018585,0.4071793556213379
1607155665.588285,0.01393657922744751,0.038885243237018585,0.4071793556213379,-0.4860634207725525,0.038885243237018585,0.4071793556213379
1607155665.7890604,0.015161097049713135,0.03061775118112564,0.4012981355190277,-0.48483890295028687,0.03061775118112564,0.4012981355190277
1607155665.9941947,0.015161097049713135,0.03061775118112564,0.4012981355190277,-0.48483890295028687,0.03061775118112564,0.4012981355190277
1607155666.2422676,0.02996775507926941,0.0274844691157341,0.39756736159324646,-0.4700322449207306,0.0274844691157341,0.39756736159324646
1607155666.461324,0.02996775507926941,0.0274844691157341,0.39756736159324646,-0.4700322449207306,0.0274844691157341,0.39756736159324646
1607155666.6062055,0.09588643908500671,0.03091704100370407,0.40244391560554504,-0.4041135609149933,0.03091704100370407,0.40244391560554504
1607155666.807219,0.09588643908500671,0.03091704100370407,0.40244391560554504,-0.4041135609149933,0.03091704100370407,0.40244391560554504
1607155667.0079055,0.22632545232772827,0.04281347617506981,0.39583277702331543,-0.27367454767227173,0.04281347617506981,0.39583277702331543
1607155667.2248056,0.22632545232772827,0.04281347617506981,0.39583277702331543,-0.27367454767227173,0.04281347617506981,0.39583277702331543
1607155667.460977,0.22632545232772827,0.04281347617506981,0.39583277702331543,-0.27367454767227173,0.04281347617506981,0.39583277702331543
1607155667.679967,0.26050539314746857,0.03751121461391449,0.4002014398574829,-0.23949460685253143,0.03751121461391449,0.4002014398574829
1607155667.833413,0.1645679473876953,0.0226243007928133,0.3996634781360626,-0.3354320526123047,0.0226243007928133,0.3996634781360626
1607155668.0653393,0.1645679473876953,0.0226243007928133,0.3996634781360626,-0.3354320526123047,0.0226243007928133,0.3996634781360626
1607155668.2592556,0.04056978225708008,0.024585509672760963,0.4007069170475006,-0.4594302177429199,0.024585509672760963,0.4007069170475006
1607155668.4604247,0.04056978225708008,0.024585509672760963,0.4007069170475006,-0.4594302177429199,0.024585509672760963,0.4007069170475006
1607155668.6630156,0.012230277061462402,0.030803894624114037,0.39792466163635254,-0.4877697229385376,0.030803894624114037,0.39792466163635254
1607155668.8715181,0.01673462986946106,0.03004317358136177,0.39906319975852966,-0.48326537013053894,0.03004317358136177,0.39906319975852966
1607155669.0768893,0.01673462986946106,0.03004317358136177,0.39906319975852966,-0.48326537013053894,0.03004317358136177,0.39906319975852966
1607155669.27832,0.0021475255489349365,0.03325767442584038,0.3936789333820343,-0.49785247445106506,0.03325767442584038,0.3936789333820343
1607155669.4899638,0.0021475255489349365,0.03325767442584038,0.3936789333820343,-0.49785247445106506,0.03325767442584038,0.3936789333820343
1607155669.6916852,0.0021475255489349365,0.03325767442584038,0.3936789333820343,-0.49785247445106506,0.03325767442584038,0.3936789333820343
1607155669.89225,-0.0034542083740234375,0.03771648183465004,0.39691847562789917,-0.5034542083740234,0.03771648183465004,0.39691847562789917
1607155670.0930722,0.027594029903411865,0.03456031531095505,0.39871054887771606,-0.47240597009658813,0.03456031531095505,0.39871054887771606
1607155670.2932534,0.027594029903411865,0.03456031531095505,0.39871054887771606,-0.47240597009658813,0.03456031531095505,0.39871054887771606
1607155670.4980803,0.027594029903411865,0.03456031531095505,0.39871054887771606,-0.47240597009658813,0.03456031531095505,0.39871054887771606
1607155670.7036283,0.07055699825286865,0.0357808992266655,0.3967428505420685,-0.42944300174713135,0.0357808992266655,0.3967428505420685
1607155670.907406,0.022664934396743774,0.03345419839024544,0.4002985954284668,-0.4773350656032562,0.03345419839024544,0.4002985954284668
1607155671.1127667,0.022664934396743774,0.03345419839024544,0.4002985954284668,-0.4773350656032562,0.03345419839024544,0.4002985954284668
1607155671.3168905,0.006513923406600952,0.032135702669620514,0.40379002690315247,-0.49348607659339905,0.032135702669620514,0.40379002690315247
1607155671.52233,0.006513923406600952,0.032135702669620514,0.40379002690315247,-0.49348607659339905,0.032135702669620514,0.40379002690315247
1607155671.725403,-0.09264975786209106,0.03356646001338959,0.396741658449173,-0.5926497578620911,0.03356646001338959,0.396741658449173
1607155671.9307585,-0.09264975786209106,0.03356646001338959,0.396741658449173,-0.5926497578620911,0.03356646001338959,0.396741658449173
1607155672.1357682,-0.47543615102767944,0.02514740265905857,0.3927617073059082,-0.9754361510276794,0.02514740265905857,0.3927617073059082
1607155672.3414352,-0.47543615102767944,0.02514740265905857,0.3927617073059082,-0.9754361510276794,0.02514740265905857,0.3927617073059082
1607155672.5427153,-0.6340975761413574,0.026193171739578247,0.3771636188030243,-1.1340975761413574,0.026193171739578247,0.3771636188030243
1607155672.7536087,-0.6340975761413574,0.026193171739578247,0.3771636188030243,-1.1340975761413574,0.026193171739578247,0.3771636188030243
1607155672.958336,-0.31900089979171753,0.04099073261022568,0.40056246519088745,-0.8190008997917175,0.04099073261022568,0.40056246519088745
1607155673.160205,-0.31900089979171753,0.04099073261022568,0.40056246519088745,-0.8190008997917175,0.04099073261022568,0.40056246519088745
1607155673.3684363,-0.027232646942138672,0.13027998805046082,0.3965739607810974,-0.5272326469421387,0.13027998805046082,0.3965739607810974
1607155673.5722108,-0.027232646942138672,0.13027998805046082,0.3965739607810974,-0.5272326469421387,0.13027998805046082,0.3965739607810974
1607155673.775727,-0.008054673671722412,0.046653375029563904,0.38302552700042725,-0.5080546736717224,0.046653375029563904,0.38302552700042725
1607155673.9857712,-0.008054673671722412,0.046653375029563904,0.38302552700042725,-0.5080546736717224,0.046653375029563904,0.38302552700042725
1607155674.1902962,0.22823473811149597,-0.22216103971004486,0.39279264211654663,-0.27176526188850403,-0.22216103971004486,0.39279264211654663
1607155674.3941898,0.22823473811149597,-0.22216103971004486,0.39279264211654663,-0.27176526188850403,-0.22216103971004486,0.39279264211654663
1607155674.59694,0.3963560685515404,-0.31162509322166443,0.40259212255477905,-0.10364393144845963,-0.31162509322166443,0.40259212255477905
1607155674.8009121,0.3963560685515404,-0.31162509322166443,0.40259212255477905,-0.10364393144845963,-0.31162509322166443,0.40259212255477905
1607155675.0066388,0.35794709622859955,-0.291798859834671,0.41234758496284485,-0.14205290377140045,-0.291798859834671,0.41234758496284485
1607155675.2096786,0.35794709622859955,-0.291798859834671,0.41234758496284485,-0.14205290377140045,-0.291798859834671,0.41234758496284485
1607155675.413771,0.3451556861400604,-0.29648324847221375,0.4152432680130005,-0.15484431385993958,-0.29648324847221375,0.4152432680130005
1607155675.6158917,0.3451556861400604,-0.29648324847221375,0.4152432680130005,-0.15484431385993958,-0.29648324847221375,0.4152432680130005
1607155675.818707,0.3484923243522644,-0.32644784450531006,0.4133317768573761,-0.1515076756477356,-0.32644784450531006,0.4133317768573761
1607155676.024101,0.3007631301879883,-0.3377830982208252,0.40683606266975403,-0.19923686981201172,-0.3377830982208252,0.40683606266975403
1607155676.2294824,0.3007631301879883,-0.3377830982208252,0.40683606266975403,-0.19923686981201172,-0.3377830982208252,0.40683606266975403
1607155676.433586,0.3007631301879883,-0.3377830982208252,0.40683606266975403,-0.19923686981201172,-0.3377830982208252,0.40683606266975403
1607155676.6389296,0.29439935088157654,-0.3416690230369568,0.4047915041446686,-0.20560064911842346,-0.3416690230369568,0.4047915041446686
1607155676.8443108,0.29439935088157654,-0.3416690230369568,0.4047915041446686,-0.20560064911842346,-0.3416690230369568,0.4047915041446686
1607155677.0497193,0.3276051878929138,-0.326139897108078,0.3991432785987854,-0.17239481210708618,-0.326139897108078,0.3991432785987854
1607155677.2512527,0.3276051878929138,-0.326139897108078,0.3991432785987854,-0.17239481210708618,-0.326139897108078,0.3991432785987854
1607155677.4527314,0.32150502502918243,-0.3173161447048187,0.3943689167499542,-0.17849497497081757,-0.3173161447048187,0.3943689167499542
1607155677.6556816,0.2749897539615631,-0.4097074568271637,0.40489712357521057,-0.2250102460384369,-0.4097074568271637,0.40489712357521057
1607155677.858947,0.2749897539615631,-0.4097074568271637,0.40489712357521057,-0.2250102460384369,-0.4097074568271637,0.40489712357521057
1607155678.0635,0.24538561701774597,-0.4533144533634186,0.4014991819858551,-0.25461438298225403,-0.4533144533634186,0.4014991819858551
1607155678.2644951,0.24538561701774597,-0.4533144533634186,0.4014991819858551,-0.25461438298225403,-0.4533144533634186,0.4014991819858551
1607155678.466607,0.25346383452415466,-0.40885287523269653,0.3976695239543915,-0.24653616547584534,-0.40885287523269653,0.3976695239543915
1607155678.6707702,0.25346383452415466,-0.40885287523269653,0.3976695239543915,-0.24653616547584534,-0.40885287523269653,0.3976695239543915
1607155678.874156,0.3000257760286331,-0.37696176767349243,0.400771826505661,-0.19997422397136688,-0.37696176767349243,0.400771826505661
1607155679.0778525,0.3000257760286331,-0.37696176767349243,0.400771826505661,-0.19997422397136688,-0.37696176767349243,0.400771826505661
1607155679.2837558,0.33675700426101685,-0.40510398149490356,0.39907971024513245,-0.16324299573898315,-0.40510398149490356,0.39907971024513245
1607155679.4881167,0.33675700426101685,-0.40510398149490356,0.39907971024513245,-0.16324299573898315,-0.40510398149490356,0.39907971024513245
1607155679.6896217,0.3262607455253601,-0.4142886698246002,0.3991823196411133,-0.1737392544746399,-0.4142886698246002,0.3991823196411133
1607155679.8908677,0.3262607455253601,-0.4142886698246002,0.3991823196411133,-0.1737392544746399,-0.4142886698246002,0.3991823196411133
1607155680.0962565,0.32439765334129333,-0.39180225133895874,0.39680150151252747,-0.17560234665870667,-0.39180225133895874,0.39680150151252747
1607155680.3016655,0.32439765334129333,-0.39180225133895874,0.39680150151252747,-0.17560234665870667,-0.39180225133895874,0.39680150151252747
1607155680.50642,0.3307359963655472,-0.39773762226104736,0.40379083156585693,-0.16926400363445282,-0.39773762226104736,0.40379083156585693
1607155680.7080505,0.3307359963655472,-0.39773762226104736,0.40379083156585693,-0.16926400363445282,-0.39773762226104736,0.40379083156585693
1607155680.9097095,0.2883404791355133,-0.4129083752632141,0.39738011360168457,-0.2116595208644867,-0.4129083752632141,0.39738011360168457
1607155681.1117983,0.2883404791355133,-0.4129083752632141,0.39738011360168457,-0.2116595208644867,-0.4129083752632141,0.39738011360168457
1607155681.3156989,0.26813435554504395,-0.3857545852661133,0.4006673991680145,-0.23186564445495605,-0.3857545852661133,0.4006673991680145
1607155681.518921,0.26813435554504395,-0.3857545852661133,0.4006673991680145,-0.23186564445495605,-0.3857545852661133,0.4006673991680145
1607155681.7242744,0.28504887223243713,-0.35910242795944214,0.4028405249118805,-0.21495112776756287,-0.35910242795944214,0.4028405249118805
1607155682.0437853,0.28504887223243713,-0.35910242795944214,0.4028405249118805,-0.21495112776756287,-0.35910242795944214,0.4028405249118805
1607155682.1390276,0.28504887223243713,-0.35910242795944214,0.4028405249118805,-0.21495112776756287,-0.35910242795944214,0.4028405249118805
1607155682.3444436,0.28504887223243713,-0.35910242795944214,0.4028405249118805,-0.21495112776756287,-0.35910242795944214,0.4028405249118805
