1607155621.716066,0.3066009471192956,0.33565281257033347,0.22774381935596466,0.006600947119295597,0.03565281257033348,0.22774381935596466
1607155621.9195106,0.25988764613866805,0.29128909688442944,0.334503173828125,-0.04011235386133194,-0.008710903115570545,0.334503173828125
1607155622.1208053,0.25988764613866805,0.29128909688442944,0.334503173828125,-0.04011235386133194,-0.008710903115570545,0.334503173828125
1607155622.321642,0.3202104188501835,0.2830155521631241,0.39417243003845215,0.020210418850183487,-0.016984447836875916,0.39417243003845215
1607155622.5437865,0.3202104188501835,0.2830155521631241,0.39417243003845215,0.020210418850183487,-0.016984447836875916,0.39417243003845215
1607155622.7397523,0.3317309275269508,0.331276561319828,0.39951103925704956,0.031730927526950836,0.03127656131982803,0.39951103925704956
1607155622.941033,0.3317309275269508,0.331276561319828,0.39951103925704956,0.031730927526950836,0.03127656131982803,0.39951103925704956
1607155623.1425636,0.3191131457686424,0.3384232476353645,0.42145252227783203,0.019113145768642426,0.03842324763536453,0.42145252227783203
1607155623.34639,0.3191131457686424,0.3384232476353645,0.42145252227783203,0.019113145768642426,0.03842324763536453,0.42145252227783203
1607155623.5513308,0.3270687658339739,0.3273126550018787,0.42665600776672363,0.027068765833973885,0.02731265500187874,0.42665600776672363
1607155623.7668843,0.3270687658339739,0.3273126550018787,0.42665600776672363,0.027068765833973885,0.02731265500187874,0.42665600776672363
1607155623.9699464,0.31238549407571553,0.33701261430978774,0.43632784485816956,0.012385494075715542,0.03701261430978775,0.43632784485816956
1607155624.1775138,0.31238549407571553,0.33701261430978774,0.43632784485816956,0.012385494075715542,0.03701261430978775,0.43632784485816956
1607155624.3972354,0.3014077374944463,0.33673236444592475,0.4313635528087616,0.0014077374944463372,0.03673236444592476,0.4313635528087616
1607155624.6330583,0.3014077374944463,0.33673236444592475,0.4313635528087616,0.0014077374944463372,0.03673236444592476,0.4313635528087616
1607155624.7861757,0.3051071783527732,0.3245374646037817,0.4338431656360626,0.0051071783527731895,0.0245374646037817,0.4338431656360626
1607155624.9870567,0.3051071783527732,0.3245374646037817,0.4338431656360626,0.0051071783527731895,0.0245374646037817,0.4338431656360626
1607155625.192032,0.31289785653352736,0.3352559648454189,0.4270814061164856,0.012897856533527374,0.03525596484541893,0.4270814061164856
1607155625.3923295,0.31289785653352736,0.3352559648454189,0.4270814061164856,0.012897856533527374,0.03525596484541893,0.4270814061164856
1607155625.5965712,0.3102443220093846,0.343268833309412,0.42798203229904175,0.010244322009384632,0.043268833309412,0.42798203229904175
1607155625.8019247,0.3102443220093846,0.343268833309412,0.42798203229904175,0.010244322009384632,0.043268833309412,0.42798203229904175
1607155626.0091634,0.30541553180664777,0.3225060451775789,0.43703922629356384,0.0054155318066477776,0.022506045177578926,0.43703922629356384
1607155626.211036,0.30541553180664777,0.3225060451775789,0.43703922629356384,0.0054155318066477776,0.022506045177578926,0.43703922629356384
1607155626.4285245,0.30414159055799245,0.3477237179875374,0.4313923418521881,0.004141590557992458,0.047723717987537384,0.4313923418521881
1607155626.6300852,0.3004191354382783,0.356393601000309,0.4291972517967224,0.00041913543827831745,0.05639360100030899,0.4291972517967224
1607155626.8355377,0.3004191354382783,0.356393601000309,0.4291972517967224,0.00041913543827831745,0.05639360100030899,0.4291972517967224
1607155627.039105,0.3004191354382783,0.356393601000309,0.4291972517967224,0.00041913543827831745,0.05639360100030899,0.4291972517967224
1607155627.2401974,0.2877562839537859,0.3365970358252525,0.4205724895000458,-0.012243716046214104,0.03659703582525253,0.4205724895000458
1607155627.4712563,0.348968106508255,0.35604372918605803,0.4203861653804779,0.048968106508255005,0.056043729186058044,0.4203861653804779
1607155627.6752734,0.348968106508255,0.35604372918605803,0.4203861653804779,0.048968106508255005,0.056043729186058044,0.4203861653804779
1607155627.87624,0.39121958911418914,0.35181260406970977,0.4142865836620331,0.09121958911418915,0.05181260406970978,0.4142865836620331
1607155628.1087067,0.39121958911418914,0.35181260406970977,0.4142865836620331,0.09121958911418915,0.05181260406970978,0.4142865836620331
1607155628.2837172,0.5449319809675217,0.29542456679046153,0.40590766072273254,0.24493198096752167,-0.00457543320953846,0.40590766072273254
1607155628.4846008,0.5449319809675217,0.29542456679046153,0.40590766072273254,0.24493198096752167,-0.00457543320953846,0.40590766072273254
1607155628.6853485,0.8742442011833191,0.2651336073875427,0.42222756147384644,0.5742442011833191,-0.034866392612457275,0.42222756147384644
1607155628.8904254,0.8742442011833191,0.2651336073875427,0.42222756147384644,0.5742442011833191,-0.034866392612457275,0.42222756147384644
1607155629.0927393,0.8439414381980896,0.2379768781363964,0.4096826910972595,0.5439414381980896,-0.06202312186360359,0.4096826910972595
1607155629.2952302,0.8439414381980896,0.2379768781363964,0.4096826910972595,0.5439414381980896,-0.06202312186360359,0.4096826910972595
1607155629.50055,0.4593969613313675,0.21380421072244643,0.41767174005508423,0.1593969613313675,-0.08619578927755356,0.41767174005508423
1607155629.7059379,0.4593969613313675,0.21380421072244643,0.41767174005508423,0.1593969613313675,-0.08619578927755356,0.41767174005508423
1607155629.9109774,0.1609049618244171,0.18344009965658187,0.4129173457622528,-0.13909503817558289,-0.11655990034341812,0.4129173457622528
1607155630.1473997,0.1609049618244171,0.18344009965658187,0.4129173457622528,-0.13909503817558289,-0.11655990034341812,0.4129173457622528
1607155630.3196495,0.05098992884159087,0.11343959271907805,0.4249732196331024,-0.24901007115840912,-0.18656040728092194,0.4249732196331024
1607155630.5225306,0.05098992884159087,0.11343959271907805,0.4249732196331024,-0.24901007115840912,-0.18656040728092194,0.4249732196331024
1607155630.727918,-0.002474409341812145,0.045353370904922474,0.4156225621700287,-0.30247440934181213,-0.2546466290950775,0.4156225621700287
1607155630.9708865,-0.002474409341812145,0.045353370904922474,0.4156225621700287,-0.30247440934181213,-0.2546466290950775,0.4156225621700287
1607155631.1368847,-0.029353153705596935,0.016117799282073964,0.4172188639640808,-0.3293531537055969,-0.283882200717926,0.4172188639640808
1607155631.3373485,-0.029353153705596935,0.016117799282073964,0.4172188639640808,-0.3293531537055969,-0.283882200717926,0.4172188639640808
1607155631.5401464,-0.01921231746673585,0.021816450357437123,0.4154137670993805,-0.31921231746673584,-0.27818354964256287,0.4154137670993805
1607155631.7445376,-0.01921231746673585,0.021816450357437123,0.4154137670993805,-0.31921231746673584,-0.27818354964256287,0.4154137670993805
1607155631.9651365,-0.01009572744369508,0.0330678105354309,0.4010404050350189,-0.31009572744369507,-0.2669321894645691,0.4010404050350189
1607155632.174408,-0.01009572744369508,0.0330678105354309,0.4010404050350189,-0.31009572744369507,-0.2669321894645691,0.4010404050350189
1607155632.3675568,-0.010175538063049328,0.020442593097686756,0.40664738416671753,-0.3101755380630493,-0.27955740690231323,0.40664738416671753
1607155632.584286,-0.010175538063049328,0.020442593097686756,0.40664738416671753,-0.3101755380630493,-0.27955740690231323,0.40664738416671753
1607155632.7937047,-0.019291442632675182,0.034251171350479115,0.40198880434036255,-0.31929144263267517,-0.2657488286495209,0.40198880434036255
1607155632.971248,-0.019291442632675182,0.034251171350479115,0.40198880434036255,-0.31929144263267517,-0.2657488286495209,0.40198880434036255
1607155633.1741931,-0.006676447391510021,0.04247646331787108,0.39919203519821167,-0.30667644739151,-0.2575235366821289,0.39919203519821167
1607155633.3784213,-0.006676447391510021,0.04247646331787108,0.39919203519821167,-0.30667644739151,-0.2575235366821289,0.39919203519821167
1607155633.5841343,0.005166548490524281,0.04420535564422606,0.4026744067668915,-0.2948334515094757,-0.2557946443557739,0.4026744067668915
1607155633.7890613,0.005351293087005604,0.0467285394668579,0.40022188425064087,-0.2946487069129944,-0.2532714605331421,0.40022188425064087
1607155633.991512,0.005351293087005604,0.0467285394668579,0.40022188425064087,-0.2946487069129944,-0.2532714605331421,0.40022188425064087
1607155634.1945498,0.005351293087005604,0.0467285394668579,0.40022188425064087,-0.2946487069129944,-0.2532714605331421,0.40022188425064087
1607155634.432171,0.016392785310745228,0.038517671823501576,0.4015065133571625,-0.28360721468925476,-0.2614823281764984,0.4015065133571625
1607155634.6020606,0.016392785310745228,0.038517671823501576,0.4015065133571625,-0.28360721468925476,-0.2614823281764984,0.4015065133571625
1607155634.8052075,0.005588221549987782,0.04132108688354491,0.39324983954429626,-0.2944117784500122,-0.2586789131164551,0.39324983954429626
1607155635.0103834,0.005588221549987782,0.04132108688354491,0.39324983954429626,-0.2944117784500122,-0.2586789131164551,0.39324983954429626
1607155635.2117667,-0.015348803997039806,0.04530231952667235,0.4038746953010559,-0.3153488039970398,-0.25469768047332764,0.4038746953010559
1607155635.4764624,-0.015348803997039806,0.04530231952667235,0.4038746953010559,-0.3153488039970398,-0.25469768047332764,0.4038746953010559
1607155635.6229763,0.037312495708465565,0.03972061276435851,0.40295693278312683,-0.2626875042915344,-0.2602793872356415,0.40295693278312683
1607155635.8280966,0.037312495708465565,0.03972061276435851,0.40295693278312683,-0.2626875042915344,-0.2602793872356415,0.40295693278312683
1607155636.0317483,0.18513002544641494,0.01588638424873351,0.4166658818721771,-0.11486997455358505,-0.2841136157512665,0.4166658818721771
1607155636.263057,0.18513002544641494,0.01588638424873351,0.4166658818721771,-0.11486997455358505,-0.2841136157512665,0.4166658818721771
1607155636.4714608,0.3051415404304862,0.06286467909812926,0.405344158411026,0.005141540430486202,-0.23713532090187073,0.405344158411026
1607155636.6509202,0.23570593744516372,0.05203758478164672,0.40839383006095886,-0.06429406255483627,-0.24796241521835327,0.40839383006095886
1607155636.8524868,0.23570593744516372,0.05203758478164672,0.40839383006095886,-0.06429406255483627,-0.24796241521835327,0.40839383006095886
1607155637.0562038,0.06794037222862243,0.019864070415496815,0.40529295802116394,-0.23205962777137756,-0.2801359295845032,0.40529295802116394
1607155637.2972739,0.06794037222862243,0.019864070415496815,0.40529295802116394,-0.23205962777137756,-0.2801359295845032,0.40529295802116394
1607155637.464085,0.010967421531677235,0.01936446428298949,0.4081977307796478,-0.28903257846832275,-0.2806355357170105,0.4081977307796478
1607155637.6694512,0.010967421531677235,0.01936446428298949,0.4081977307796478,-0.28903257846832275,-0.2806355357170105,0.4081977307796478
1607155637.8727467,0.07734450995922088,0.03452433943748473,0.3993935286998749,-0.2226554900407791,-0.26547566056251526,0.3993935286998749
1607155638.0780315,0.07734450995922088,0.03452433943748473,0.3993935286998749,-0.2226554900407791,-0.26547566056251526,0.3993935286998749
1607155638.285247,0.4242876574397087,0.03986074328422545,0.40304678678512573,0.12428765743970871,-0.26013925671577454,0.40304678678512573
1607155638.4883542,0.4242876574397087,0.03986074328422545,0.40304678678512573,0.12428765743970871,-0.26013925671577454,0.40304678678512573
1607155638.6895814,0.5381771206855774,0.034326928853988636,0.37457597255706787,0.2381771206855774,-0.26567307114601135,0.37457597255706787
1607155638.8949687,0.5381771206855774,0.034326928853988636,0.37457597255706787,0.2381771206855774,-0.26567307114601135,0.37457597255706787
1607155639.097439,0.24231903180480002,0.018858689069747914,0.39552366733551025,-0.057680968195199966,-0.2811413109302521,0.39552366733551025
1607155639.301336,0.24231903180480002,0.018858689069747914,0.39552366733551025,-0.057680968195199966,-0.2811413109302521,0.39552366733551025
1607155639.5038145,0.022980976104736317,0.024943548440933216,0.4012182950973511,-0.27701902389526367,-0.2750564515590668,0.4012182950973511
1607155639.7044442,0.022980976104736317,0.024943548440933216,0.4012182950973511,-0.27701902389526367,-0.2750564515590668,0.4012182950973511
1607155639.9070148,-0.006930810213089,0.03377317190170287,0.39838117361068726,-0.306930810213089,-0.2662268280982971,0.39838117361068726
1607155640.1127636,-0.006930810213089,0.03377317190170287,0.39838117361068726,-0.306930810213089,-0.2662268280982971,0.39838117361068726
1607155640.316152,-0.02034122943878175,0.021406906843185414,0.4045705199241638,-0.32034122943878174,-0.2785930931568146,0.4045705199241638
1607155640.521002,-0.02034122943878175,0.021406906843185414,0.4045705199241638,-0.32034122943878174,-0.2785930931568146,0.4045705199241638
1607155640.7231035,-0.01833559274673463,0.013533192873001088,0.41026121377944946,-0.3183355927467346,-0.2864668071269989,0.41026121377944946
1607155640.927647,-0.01833559274673463,0.013533192873001088,0.41026121377944946,-0.3183355927467346,-0.2864668071269989,0.41026121377944946
1607155641.1326916,-0.0369598686695099,0.014651763439178456,0.3939201533794403,-0.3369598686695099,-0.28534823656082153,0.3939201533794403
1607155641.333872,-0.0369598686695099,0.014651763439178456,0.3939201533794403,-0.3369598686695099,-0.28534823656082153,0.3939201533794403
1607155641.5382538,-0.05099628567695619,0.022075730562210072,0.39115554094314575,-0.3509962856769562,-0.2779242694377899,0.39115554094314575
1607155641.7436128,-0.05099628567695619,0.022075730562210072,0.39115554094314575,-0.3509962856769562,-0.2779242694377899,0.39115554094314575
1607155641.986385,-0.02381778955459596,0.0653164118528366,0.39753443002700806,-0.32381778955459595,-0.2346835881471634,0.39753443002700806
1607155642.1495373,-0.02381778955459596,0.0653164118528366,0.39753443002700806,-0.32381778955459595,-0.2346835881471634,0.39753443002700806
1607155642.3547623,-0.20150984525680543,0.06397465169429778,0.3946942389011383,-0.5015098452568054,-0.2360253483057022,0.3946942389011383
1607155642.5602586,-0.20150984525680543,0.06397465169429778,0.3946942389011383,-0.5015098452568054,-0.2360253483057022,0.3946942389011383
1607155642.7745254,-0.5319934010505676,0.059593620896339405,0.38895153999328613,-0.8319934010505676,-0.24040637910366058,0.38895153999328613
1607155642.9636815,-0.5319934010505676,0.059593620896339405,0.38895153999328613,-0.8319934010505676,-0.24040637910366058,0.38895153999328613
1607155643.164359,-0.43869603872299195,0.059896591305732716,0.4063599705696106,-0.7386960387229919,-0.24010340869426727,0.4063599705696106
1607155643.3648133,-0.43869603872299195,0.059896591305732716,0.4063599705696106,-0.7386960387229919,-0.24010340869426727,0.4063599705696106
1607155643.5684268,-0.11649648547172547,0.034668582677841175,0.4256754219532013,-0.41649648547172546,-0.2653314173221588,0.4256754219532013
1607155643.784308,-0.11649648547172547,0.034668582677841175,0.4256754219532013,-0.41649648547172546,-0.2653314173221588,0.4256754219532013
1607155644.0076308,0.019508588314056385,0.03444858193397521,0.40408265590667725,-0.2804914116859436,-0.2655514180660248,0.40408265590667725
1607155644.219678,0.019508588314056385,0.03444858193397521,0.40408265590667725,-0.2804914116859436,-0.2655514180660248,0.40408265590667725
1607155644.4468613,-0.008919697999954235,0.07092355489730834,0.40070652961730957,-0.3089196979999542,-0.22907644510269165,0.40070652961730957
1607155644.6110349,-0.008919697999954235,0.07092355489730834,0.40070652961730957,-0.3089196979999542,-0.22907644510269165,0.40070652961730957
1607155644.8139777,-0.00678313970565797,0.06183624565601348,0.39274799823760986,-0.30678313970565796,-0.2381637543439865,0.39274799823760986
1607155645.0173516,0.02381317615509032,0.030075657367706288,0.39653822779655457,-0.27618682384490967,-0.2699243426322937,0.39653822779655457
1607155645.2212198,0.02381317615509032,0.030075657367706288,0.39653822779655457,-0.27618682384490967,-0.2699243426322937,0.39653822779655457
1607155645.4216511,0.029004174470901478,0.09957588016986846,0.3978623151779175,-0.2709958255290985,-0.20042411983013153,0.3978623151779175
1607155645.6254294,0.029004174470901478,0.09957588016986846,0.3978623151779175,-0.2709958255290985,-0.20042411983013153,0.3978623151779175
1607155645.8308158,0.015623527765274037,0.13452503383159636,0.40090423822402954,-0.28437647223472595,-0.16547496616840363,0.40090423822402954
1607155646.0409338,0.015623527765274037,0.13452503383159636,0.40090423822402954,-0.28437647223472595,-0.16547496616840363,0.40090423822402954
1607155646.2472482,0.016684818267822255,0.027690637111663807,0.40944772958755493,-0.28331518173217773,-0.2723093628883362,0.40944772958755493
1607155646.450175,0.016684818267822255,0.027690637111663807,0.40944772958755493,-0.28331518173217773,-0.2723093628883362,0.40944772958755493
1607155646.6525714,0.03110544681549071,0.031081724166870106,0.4068129062652588,-0.2688945531845093,-0.2689182758331299,0.4068129062652588
1607155646.8612518,0.03110544681549071,0.031081724166870106,0.4068129062652588,-0.2688945531845093,-0.2689182758331299,0.4068129062652588
1607155647.0690036,0.005123960971832264,0.05067083537578582,0.40607625246047974,-0.2948760390281677,-0.24932916462421417,0.40607625246047974
1607155647.2743182,0.005123960971832264,0.05067083537578582,0.40607625246047974,-0.2948760390281677,-0.24932916462421417,0.40607625246047974
1607155647.4790277,-0.0015448153018951527,0.038156110048294056,0.41406893730163574,-0.30154481530189514,-0.26184388995170593,0.41406893730163574
1607155647.6807675,-0.0015448153018951527,0.038156110048294056,0.41406893730163574,-0.30154481530189514,-0.26184388995170593,0.41406893730163574
1607155647.9088771,-0.0015448153018951527,0.038156110048294056,0.41406893730163574,-0.30154481530189514,-0.26184388995170593,0.41406893730163574
1607155648.1414137,0.014438527822494496,0.020419615507125843,0.4145089089870453,-0.2855614721775055,-0.27958038449287415,0.4145089089870453
1607155648.3027875,0.0035227715969085582,0.02427755594253539,0.4066837430000305,-0.29647722840309143,-0.2757224440574646,0.4066837430000305
1607155648.507029,0.0035227715969085582,0.02427755594253539,0.4066837430000305,-0.29647722840309143,-0.2757224440574646,0.4066837430000305
1607155648.7109196,-0.01173008680343629,0.029670017957687367,0.3984208106994629,-0.3117300868034363,-0.2703299820423126,0.3984208106994629
1607155648.9130452,-0.01173008680343629,0.029670017957687367,0.3984208106994629,-0.3117300868034363,-0.2703299820423126,0.3984208106994629
1607155649.1166773,-0.02120177149772645,0.070028218626976,0.3992958068847656,-0.32120177149772644,-0.229971781373024,0.3992958068847656
1607155649.3221097,-0.02120177149772645,0.070028218626976,0.3992958068847656,-0.32120177149772644,-0.229971781373024,0.3992958068847656
1607155649.5267746,-0.016738039255142223,0.06715905964374541,0.39100104570388794,-0.3167380392551422,-0.23284094035625458,0.39100104570388794
1607155649.7442057,-0.016738039255142223,0.06715905964374541,0.39100104570388794,-0.3167380392551422,-0.23284094035625458,0.39100104570388794
1607155649.954392,0.00027494430541991077,0.01809616684913634,0.3980240225791931,-0.2997250556945801,-0.28190383315086365,0.3980240225791931
1607155650.2082548,0.00027494430541991077,0.01809616684913634,0.3980240225791931,-0.2997250556945801,-0.28190383315086365,0.3980240225791931
1607155650.346747,0.029729533195495594,-0.006534916162490856,0.40066608786582947,-0.2702704668045044,-0.30653491616249084,0.40066608786582947
1607155650.55048,0.029729533195495594,-0.006534916162490856,0.40066608786582947,-0.2702704668045044,-0.30653491616249084,0.40066608786582947
1607155650.754056,0.02848623991012572,0.012395310401916493,0.3941963315010071,-0.27151376008987427,-0.2876046895980835,0.3941963315010071
1607155650.9550803,0.02848623991012572,0.012395310401916493,0.3941963315010071,-0.27151376008987427,-0.2876046895980835,0.3941963315010071
1607155651.1604135,-0.05860636830329896,0.03698174953460692,0.4032030403614044,-0.35860636830329895,-0.26301825046539307,0.4032030403614044
1607155651.3617532,-0.05860636830329896,0.03698174953460692,0.4032030403614044,-0.35860636830329895,-0.26301825046539307,0.4032030403614044
1607155651.5905743,-0.31735552549362184,0.0188432216644287,0.40564626455307007,-0.6173555254936218,-0.2811567783355713,0.40564626455307007
1607155651.7777998,-0.31735552549362184,0.0188432216644287,0.40564626455307007,-0.6173555254936218,-0.2811567783355713,0.40564626455307007
1607155651.9811134,-0.5487908244132995,0.06219084858894347,0.38537275791168213,-0.8487908244132996,-0.23780915141105652,0.38537275791168213
1607155652.2149065,-0.5487908244132995,0.06219084858894347,0.38537275791168213,-0.8487908244132996,-0.23780915141105652,0.38537275791168213
1607155652.3864512,-0.35026235580444337,0.06820966601371764,0.38841861486434937,-0.6502623558044434,-0.23179033398628235,0.38841861486434937
1607155652.5871522,-0.35026235580444337,0.06820966601371764,0.38841861486434937,-0.6502623558044434,-0.23179033398628235,0.38841861486434937
1607155652.7929828,-0.052172553539276134,0.03766583204269408,0.39977946877479553,-0.3521725535392761,-0.2623341679573059,0.39977946877479553
1607155652.9966693,-0.052172553539276134,0.03766583204269408,0.39977946877479553,-0.3521725535392761,-0.2623341679573059,0.39977946877479553
1607155653.209816,-0.003845554590225231,0.048784780502319325,0.39096876978874207,-0.3038455545902252,-0.25121521949768066,0.39096876978874207
1607155653.4153645,-0.003845554590225231,0.048784780502319325,0.39096876978874207,-0.3038455545902252,-0.25121521949768066,0.39096876978874207
1607155653.628839,-0.02675430178642274,0.03081889748573302,0.40739065408706665,-0.32675430178642273,-0.26918110251426697,0.40739065408706665
1607155653.857221,-0.02675430178642274,0.03081889748573302,0.40739065408706665,-0.32675430178642273,-0.26918110251426697,0.40739065408706665
1607155654.0107367,0.03711228370666503,0.016597139835357655,0.4140259623527527,-0.26288771629333496,-0.28340286016464233,0.4140259623527527
1607155654.2146387,0.04638375639915465,0.017239439487457264,0.40225735306739807,-0.25361624360084534,-0.2827605605125427,0.40225735306739807
1607155654.415806,0.04638375639915465,0.017239439487457264,0.40225735306739807,-0.25361624360084534,-0.2827605605125427,0.40225735306739807
1607155654.6191134,0.0385629117488861,0.028915482759475697,0.38748493790626526,-0.2614370882511139,-0.2710845172405243,0.38748493790626526
1607155654.824012,0.0385629117488861,0.028915482759475697,0.38748493790626526,-0.2614370882511139,-0.2710845172405243,0.38748493790626526
1607155655.0810304,0.0385629117488861,0.028915482759475697,0.38748493790626526,-0.2614370882511139,-0.2710845172405243,0.38748493790626526
1607155655.2302763,0.013480085134506214,0.028545397520065297,0.4066246449947357,-0.2865199148654938,-0.2714546024799347,0.4066246449947357
1607155655.4643588,0.013480085134506214,0.028545397520065297,0.4066246449947357,-0.2865199148654938,-0.2714546024799347,0.4066246449947357
1607155655.6382678,-0.0019486367702484242,0.008168238401412953,0.3991299271583557,-0.3019486367702484,-0.29183176159858704,0.3991299271583557
1607155655.8422227,-0.0019486367702484242,0.008168238401412953,0.3991299271583557,-0.3019486367702484,-0.29183176159858704,0.3991299271583557
1607155656.0468566,0.0013912200927734264,0.052476558089256276,0.41205036640167236,-0.29860877990722656,-0.2475234419107437,0.41205036640167236
1607155656.248348,-0.004847896099090587,0.06374560594558715,0.4231884181499481,-0.3048478960990906,-0.23625439405441284,0.4231884181499481
1607155656.4537206,-0.004847896099090587,0.06374560594558715,0.4231884181499481,-0.3048478960990906,-0.23625439405441284,0.4231884181499481
1607155656.668027,-0.004847896099090587,0.06374560594558715,0.4231884181499481,-0.3048478960990906,-0.23625439405441284,0.4231884181499481
1607155656.8734558,-0.0005214035511016957,0.02693631052970885,0.4044724404811859,-0.3005214035511017,-0.27306368947029114,0.4044724404811859
1607155657.0787873,-0.0005214035511016957,0.02693631052970885,0.4044724404811859,-0.3005214035511017,-0.27306368947029114,0.4044724404811859
1607155657.287373,0.01919572353363036,0.04915054440498351,0.3919461965560913,-0.28080427646636963,-0.2508494555950165,0.3919461965560913
1607155657.4880621,0.016341346502304066,0.062192457914352406,0.41427087783813477,-0.2836586534976959,-0.23780754208564758,0.41427087783813477
1607155657.6892142,0.016341346502304066,0.062192457914352406,0.41427087783813477,-0.2836586534976959,-0.23780754208564758,0.41427087783813477
1607155657.8948934,-0.002140563726425182,-0.043836724758148204,0.40051501989364624,-0.30214056372642517,-0.3438367247581482,0.40051501989364624
1607155658.0984387,-0.002140563726425182,-0.043836724758148204,0.40051501989364624,-0.30214056372642517,-0.3438367247581482,0.40051501989364624
1607155658.3027363,0.02068434953689574,-0.17350889444351197,0.40115442872047424,-0.27931565046310425,-0.47350889444351196,0.40115442872047424
1607155658.5126932,0.02068434953689574,-0.17350889444351197,0.40115442872047424,-0.27931565046310425,-0.47350889444351196,0.40115442872047424
1607155658.716868,-0.03729195594787599,-0.09745020866394044,0.39157745242118835,-0.337291955947876,-0.39745020866394043,0.39157745242118835
1607155658.9205678,-0.03729195594787599,-0.09745020866394044,0.39157745242118835,-0.337291955947876,-0.39745020866394043,0.39157745242118835
1607155659.1213927,-0.30369598865509034,-0.012648624181747448,0.36327654123306274,-0.6036959886550903,-0.31264862418174744,0.36327654123306274
1607155659.326955,-0.30369598865509034,-0.012648624181747448,0.36327654123306274,-0.6036959886550903,-0.31264862418174744,0.36327654123306274
1607155659.5292547,-0.20621819496154786,0.020626890659332264,0.3925309479236603,-0.5062181949615479,-0.2793731093406677,0.3925309479236603
1607155659.731145,-0.20621819496154786,0.020626890659332264,0.3925309479236603,-0.5062181949615479,-0.2793731093406677,0.3925309479236603
1607155659.9362738,-0.0003942072391510121,0.03735585808753966,0.4122050404548645,-0.300394207239151,-0.2626441419124603,0.4122050404548645
1607155660.1369479,-0.0003942072391510121,0.03735585808753966,0.4122050404548645,-0.300394207239151,-0.2626441419124603,0.4122050404548645
1607155660.3423042,0.021882849931716908,0.049756038188934315,0.38704559206962585,-0.2781171500682831,-0.2502439618110657,0.38704559206962585
1607155660.5472398,0.021882849931716908,0.049756038188934315,0.38704559206962585,-0.2781171500682831,-0.2502439618110657,0.38704559206962585
1607155660.7476945,-0.0013785481452942006,0.03333182930946349,0.39538803696632385,-0.3013785481452942,-0.2666681706905365,0.39538803696632385
1607155660.94869,-0.0013785481452942006,0.03333182930946349,0.39538803696632385,-0.3013785481452942,-0.2666681706905365,0.39538803696632385
1607155661.151986,0.019974488019943226,0.014831769466400135,0.4071942865848541,-0.28002551198005676,-0.28516823053359985,0.4071942865848541
1607155661.3576949,0.019974488019943226,0.014831769466400135,0.4071942865848541,-0.28002551198005676,-0.28516823053359985,0.4071942865848541
1607155661.5594032,-0.039464575052261364,0.018450218439102162,0.39271479845046997,-0.33946457505226135,-0.2815497815608978,0.39271479845046997
1607155661.763357,-0.039464575052261364,0.018450218439102162,0.39271479845046997,-0.33946457505226135,-0.2815497815608978,0.39271479845046997
1607155662.0391479,-0.33348811864852906,0.02854703664779662,0.39366579055786133,-0.633488118648529,-0.27145296335220337,0.39366579055786133
1607155662.175428,-0.33348811864852906,0.02854703664779662,0.39366579055786133,-0.633488118648529,-0.27145296335220337,0.39366579055786133
1607155662.3798985,-0.3307113766670227,0.03919638991355895,0.40441450476646423,-0.6307113766670227,-0.26080361008644104,0.40441450476646423
1607155662.5905151,-0.3307113766670227,0.03919638991355895,0.40441450476646423,-0.6307113766670227,-0.26080361008644104,0.40441450476646423
1607155662.796594,-0.2262686610221863,0.03197001218795775,0.4070398211479187,-0.5262686610221863,-0.26802998781204224,0.4070398211479187
1607155663.0356276,-0.2262686610221863,0.03197001218795775,0.4070398211479187,-0.5262686610221863,-0.26802998781204224,0.4070398211479187
1607155663.2047276,-0.07241381406784059,0.025371867418289173,0.39301809668540955,-0.3724138140678406,-0.2746281325817108,0.39301809668540955
1607155663.406605,-0.07241381406784059,0.025371867418289173,0.39301809668540955,-0.3724138140678406,-0.2746281325817108,0.39301809668540955
1607155663.6118062,-0.007256191968917858,0.05778616964817046,0.39848339557647705,-0.30725619196891785,-0.24221383035182953,0.39848339557647705
1607155663.8359647,-0.007256191968917858,0.05778616964817046,0.39848339557647705,-0.30725619196891785,-0.24221383035182953,0.39848339557647705
1607155664.018361,0.0071813344955444225,0.0698906362056732,0.4081278443336487,-0.29281866550445557,-0.23010936379432678,0.4081278443336487
1607155664.236515,0.0071813344955444225,0.0698906362056732,0.4081278443336487,-0.29281866550445557,-0.23010936379432678,0.4081278443336487
1607155664.4479146,0.014053750038146962,0.04931797385215758,0.40237948298454285,-0.285946249961853,-0.2506820261478424,0.40237948298454285
1607155664.675099,0.014053750038146962,0.04931797385215758,0.40237948298454285,-0.285946249961853,-0.2506820261478424,0.40237948298454285
1607155664.8691142,0.010547596216201771,0.03215958476066588,0.39816898107528687,-0.2894524037837982,-0.2678404152393341,0.39816898107528687
1607155665.074366,0.014198648929595936,0.011109101772308339,0.40581777691841125,-0.28580135107040405,-0.28889089822769165,0.40581777691841125
1607155665.3117688,0.014198648929595936,0.011109101772308339,0.40581777691841125,-0.28580135107040405,-0.28889089822769165,0.40581777691841125
1607155665.4809299,0.028481292724609364,0.012600916624069203,0.4011659324169159,-0.2715187072753906,-0.2873990833759308,0.4011659324169159
1607155665.6852665,0.028481292724609364,0.012600916624069203,0.4011659324169159,-0.2715187072753906,-0.2873990833759308,0.4011659324169159
1607155665.8863516,0.0011141777038574108,0.044169384241104115,0.4062391221523285,-0.2988858222961426,-0.2558306157588959,0.4062391221523285
1607155666.091026,0.0011141777038574108,0.044169384241104115,0.4062391221523285,-0.2988858222961426,-0.2558306157588959,0.4062391221523285
1607155666.29288,0.0368350327014923,0.045142698287963856,0.4116484522819519,-0.2631649672985077,-0.25485730171203613,0.4116484522819519
1607155666.49375,0.0368350327014923,0.045142698287963856,0.4116484522819519,-0.2631649672985077,-0.25485730171203613,0.4116484522819519
1607155666.7103934,0.1717777281999588,0.04013841152191161,0.40128469467163086,-0.1282222718000412,-0.2598615884780884,0.40128469467163086
1607155666.9153585,0.1717777281999588,0.04013841152191161,0.40128469467163086,-0.1282222718000412,-0.2598615884780884,0.40128469467163086
1607155667.130824,0.233896966278553,0.0684461623430252,0.39535707235336304,-0.06610303372144699,-0.2315538376569748,0.39535707235336304
1607155667.3337128,0.233896966278553,0.0684461623430252,0.39535707235336304,-0.06610303372144699,-0.2315538376569748,0.39535707235336304
1607155667.5363472,0.2018864557147026,0.05919686257839202,0.4034205377101898,-0.0981135442852974,-0.24080313742160797,0.4034205377101898
1607155667.8061357,0.2018864557147026,0.05919686257839202,0.4034205377101898,-0.0981135442852974,-0.24080313742160797,0.4034205377101898
1607155667.9400482,0.08396083414554595,0.03321208357810973,0.39649227261543274,-0.21603916585445404,-0.26678791642189026,0.39649227261543274
1607155668.1537619,0.08396083414554595,0.03321208357810973,0.39649227261543274,-0.21603916585445404,-0.26678791642189026,0.39649227261543274
1607155668.355629,0.0044132351875305065,0.02332400083541869,0.40172669291496277,-0.2955867648124695,-0.2766759991645813,0.40172669291496277
1607155668.5609293,0.0044132351875305065,0.02332400083541869,0.40172669291496277,-0.2955867648124695,-0.2766759991645813,0.40172669291496277
1607155668.7717402,-0.014017683267593395,-0.0019578158855438343,0.401115357875824,-0.3140176832675934,-0.3019578158855438,0.401115357875824
1607155668.9764347,-0.014017683267593395,-0.0019578158855438343,0.401115357875824,-0.3140176832675934,-0.3019578158855438,0.401115357875824
1607155669.2080326,-0.0011256754398346058,0.026760417222976673,0.3964433968067169,-0.3011256754398346,-0.2732395827770233,0.3964433968067169
1607155669.408276,0.008019763231277455,0.04359339475631713,0.3983983099460602,-0.29198023676872253,-0.25640660524368286,0.3983983099460602
1607155669.6122577,0.008019763231277455,0.04359339475631713,0.3983983099460602,-0.29198023676872253,-0.25640660524368286,0.3983983099460602
1607155669.8158762,0.038485604524612416,0.022844183444976796,0.3910977840423584,-0.2615143954753876,-0.2771558165550232,0.3910977840423584
1607155670.0212328,0.038485604524612416,0.022844183444976796,0.3910977840423584,-0.2615143954753876,-0.2771558165550232,0.3910977840423584
1607155670.2225692,0.0803177386522293,0.04549075961112975,0.40672028064727783,-0.2196822613477707,-0.25450924038887024,0.40672028064727783
1607155670.427973,0.0803177386522293,0.04549075961112975,0.40672028064727783,-0.2196822613477707,-0.25450924038887024,0.40672028064727783
1607155670.6288416,0.024358707666397084,0.059654268622398365,0.41329139471054077,-0.2756412923336029,-0.24034573137760162,0.41329139471054077
1607155670.8299506,0.024358707666397084,0.059654268622398365,0.41329139471054077,-0.2756412923336029,-0.24034573137760162,0.41329139471054077
1607155671.031541,0.0011368274688720592,0.051932352781295765,0.4056064784526825,-0.29886317253112793,-0.24806764721870422,0.4056064784526825
1607155671.2342856,0.0011368274688720592,0.051932352781295765,0.4056064784526825,-0.29886317253112793,-0.24806764721870422,0.4056064784526825
1607155671.438152,0.0011368274688720592,0.051932352781295765,0.4056064784526825,-0.29886317253112793,-0.24806764721870422,0.4056064784526825
1607155671.6413636,0.0068789899349212535,0.038620877265930165,0.40036818385124207,-0.29312101006507874,-0.2613791227340698,0.40036818385124207
1607155671.8436224,-0.12511805891990663,0.03312753438949584,0.336542546749115,-0.4251180589199066,-0.26687246561050415,0.336542546749115
1607155672.0489593,-0.12511805891990663,0.03312753438949584,0.336542546749115,-0.4251180589199066,-0.26687246561050415,0.336542546749115
1607155672.250567,-1.5908966779708862,-1.070387315750122,0.06393718719482422,-1.8908966779708862,-1.370387315750122,0.06393718719482422
1607155672.4554276,-1.5908966779708862,-1.070387315750122,0.06393718719482422,-1.8908966779708862,-1.370387315750122,0.06393718719482422
1607155672.6560993,-1.5196072578430175,-1.7942249298095703,0.3817659318447113,-1.8196072578430176,-2.0942249298095703,0.3817659318447113
1607155672.8614545,-1.5196072578430175,-1.7942249298095703,0.3817659318447113,-1.8196072578430176,-2.0942249298095703,0.3817659318447113
1607155673.0626721,-2.406056118011475,0.6011553883552552,0.4129221439361572,-2.7060561180114746,0.3011553883552551,0.4129221439361572
1607155673.2679596,-2.406056118011475,0.6011553883552552,0.4129221439361572,-2.7060561180114746,0.3011553883552551,0.4129221439361572
1607155673.4695766,-2.406056118011475,0.6011553883552552,0.4129221439361572,-2.7060561180114746,0.3011553883552551,0.4129221439361572
1607155673.6735754,-2.5643789291381838,0.5926409542560578,0.341420978307724,-2.8643789291381836,0.29264095425605774,0.341420978307724
1607155673.879765,-4.225020122528076,1.574963140487671,0.5061014890670776,-4.525020122528076,1.274963140487671,0.5061014890670776
1607155674.082891,-4.225020122528076,1.574963140487671,0.5061014890670776,-4.525020122528076,1.274963140487671,0.5061014890670776
1607155674.285951,-4.807093811035156,1.9031018495559693,0.4679178297519684,-5.107093811035156,1.6031018495559692,0.4679178297519684
1607155674.48937,-4.807093811035156,1.9031018495559693,0.4679178297519684,-5.107093811035156,1.6031018495559692,0.4679178297519684
1607155674.6910675,-5.223111820220947,2.1381316661834715,0.561905562877655,-5.523111820220947,1.8381316661834717,0.561905562877655
1607155674.8963804,-5.223111820220947,2.1381316661834715,0.561905562877655,-5.523111820220947,1.8381316661834717,0.561905562877655
1607155675.0969892,-5.552278232574463,2.3168309211730955,0.49114370346069336,-5.852278232574463,2.0168309211730957,0.49114370346069336
1607155675.3012538,-5.552278232574463,2.3168309211730955,0.49114370346069336,-5.852278232574463,2.0168309211730957,0.49114370346069336
1607155675.5047789,-5.72738094329834,2.4127195358276365,0.46542102098464966,-6.02738094329834,2.1127195358276367,0.46542102098464966
1607155675.7072644,-5.72738094329834,2.4127195358276365,0.46542102098464966,-6.02738094329834,2.1127195358276367,0.46542102098464966
1607155675.9085724,-5.72738094329834,2.4127195358276365,0.46542102098464966,-6.02738094329834,2.1127195358276367,0.46542102098464966
1607155676.1109486,-5.795285892486572,2.4435627937316893,0.38213586807250977,-6.095285892486572,2.1435627937316895,0.38213586807250977
1607155676.3159833,-5.770168972015381,2.4203022003173826,0.22976842522621155,-6.070168972015381,2.120302200317383,0.22976842522621155
1607155676.5215316,-5.770168972015381,2.4203022003173826,0.22976842522621155,-6.070168972015381,2.120302200317383,0.22976842522621155
1607155676.7234735,-5.627237033843994,2.35653977394104,-0.042793527245521545,-5.927237033843994,2.05653977394104,-0.042793527245521545
1607155676.928132,-5.627237033843994,2.35653977394104,-0.042793527245521545,-5.927237033843994,2.05653977394104,-0.042793527245521545
1607155677.131506,-5.540958118438721,2.3140872001647947,-0.06472678482532501,-5.840958118438721,2.014087200164795,-0.06472678482532501
1607155677.3425608,-5.540958118438721,2.3140872001647947,-0.06472678482532501,-5.840958118438721,2.014087200164795,-0.06472678482532501
1607155677.546295,-5.532504272460938,2.325139570236206,-0.047998763620853424,-5.8325042724609375,2.025139570236206,-0.047998763620853424
1607155677.747262,-5.532504272460938,2.325139570236206,-0.047998763620853424,-5.8325042724609375,2.025139570236206,-0.047998763620853424
1607155677.9485323,-5.649848175048828,2.367986488342285,-0.05701601505279541,-5.949848175048828,2.067986488342285,-0.05701601505279541
1607155678.1509862,-5.649848175048828,2.367986488342285,-0.05701601505279541,-5.949848175048828,2.067986488342285,-0.05701601505279541
1607155678.3534095,-5.793525886535645,2.3961337089538572,-0.12295001745223999,-6.0935258865356445,2.0961337089538574,-0.12295001745223999
1607155678.5684998,-5.793525886535645,2.3961337089538572,-0.12295001745223999,-6.0935258865356445,2.0961337089538574,-0.12295001745223999
1607155678.774871,-5.864181709289551,2.4093230247497557,-0.22491343319416046,-6.164181709289551,2.109323024749756,-0.22491343319416046
1607155678.9761388,-5.864181709289551,2.4093230247497557,-0.22491343319416046,-6.164181709289551,2.109323024749756,-0.22491343319416046
1607155679.1784708,-5.714738559722901,2.3526771545410154,-0.04074665158987045,-6.0147385597229,2.0526771545410156,-0.04074665158987045
1607155679.379754,-5.714738559722901,2.3526771545410154,-0.04074665158987045,-6.0147385597229,2.0526771545410156,-0.04074665158987045
1607155679.5836189,-5.5673057556152346,2.3136220455169676,-0.16946879029273987,-5.867305755615234,2.0136220455169678,-0.16946879029273987
1607155679.787389,-5.5673057556152346,2.3136220455169676,-0.16946879029273987,-5.867305755615234,2.0136220455169678,-0.16946879029273987
1607155679.9927073,-5.5613805770874025,2.340166139602661,-0.046488747000694275,-5.861380577087402,2.040166139602661,-0.046488747000694275
1607155680.1955884,-5.612907123565674,2.378691244125366,-0.23541341722011566,-5.912907123565674,2.078691244125366,-0.23541341722011566
1607155680.4007936,-5.612907123565674,2.378691244125366,-0.23541341722011566,-5.912907123565674,2.078691244125366,-0.23541341722011566
1607155680.6031651,-5.612907123565674,2.378691244125366,-0.23541341722011566,-5.912907123565674,2.078691244125366,-0.23541341722011566
1607155680.823992,-5.711472702026367,2.391010808944702,-0.1180250346660614,-6.011472702026367,2.091010808944702,-0.1180250346660614
1607155681.028288,-5.719120216369629,2.369132328033447,-0.2713595926761627,-6.019120216369629,2.0691323280334473,-0.2713595926761627
1607155681.2336638,-5.719120216369629,2.369132328033447,-0.2713595926761627,-6.019120216369629,2.0691323280334473,-0.2713595926761627
1607155681.4396055,-5.6756288528442385,2.325607347488403,-0.07972951233386993,-5.975628852844238,2.0256073474884033,-0.07972951233386993
1607155681.6450503,-5.6756288528442385,2.325607347488403,-0.07972951233386993,-5.975628852844238,2.0256073474884033,-0.07972951233386993
1607155681.8968976,-5.64730806350708,2.32254581451416,0.05379944294691086,-5.94730806350708,2.02254581451416,0.05379944294691086
1607155682.0587332,-5.64730806350708,2.32254581451416,0.05379944294691086,-5.94730806350708,2.02254581451416,0.05379944294691086
1607155682.2639658,-5.64730806350708,2.32254581451416,0.05379944294691086,-5.94730806350708,2.02254581451416,0.05379944294691086
1607155682.469407,-5.64730806350708,2.32254581451416,0.05379944294691086,-5.94730806350708,2.02254581451416,0.05379944294691086
