1607155621.6032681,-0.5473098047077656,0.8259647499769927,0.1471801996231079,-0.04730980470776558,0.025964749976992607,0.1471801996231079
1607155621.8090038,-0.5381597876548767,0.8261632148176432,0.29092925786972046,-0.03815978765487671,0.026163214817643166,0.29092925786972046
1607155622.01301,-0.5381597876548767,0.8261632148176432,0.29092925786972046,-0.03815978765487671,0.026163214817643166,0.29092925786972046
1607155622.2146516,-0.5217890627682209,0.7763644728809596,0.3856447637081146,-0.0217890627682209,-0.02363552711904049,0.3856447637081146
1607155622.4165418,-0.5276734903454781,0.8012425645254553,0.39528584480285645,-0.027673490345478058,0.0012425645254552364,0.39528584480285645
1607155622.6181464,-0.5276734903454781,0.8012425645254553,0.39528584480285645,-0.027673490345478058,0.0012425645254552364,0.39528584480285645
1607155622.8232627,-0.5276734903454781,0.8012425645254553,0.39528584480285645,-0.027673490345478058,0.0012425645254552364,0.39528584480285645
1607155623.024735,-0.5465182736515999,0.8280431658029557,0.40995752811431885,-0.046518273651599884,0.028043165802955627,0.40995752811431885
1607155623.2249763,-0.5487952269613743,0.8231675319373608,0.42405563592910767,-0.04879522696137428,0.023167531937360764,0.42405563592910767
1607155623.4432893,-0.5487952269613743,0.8231675319373608,0.42405563592910767,-0.04879522696137428,0.023167531937360764,0.42405563592910767
1607155623.6287768,-0.5487952269613743,0.8231675319373608,0.42405563592910767,-0.04879522696137428,0.023167531937360764,0.42405563592910767
1607155623.8341289,-0.5425074137747288,0.8256257709115744,0.4293496906757355,-0.042507413774728775,0.025625770911574364,0.4293496906757355
1607155624.0385933,-0.5425074137747288,0.8256257709115744,0.4293496906757355,-0.042507413774728775,0.025625770911574364,0.4293496906757355
1607155624.2560022,-0.5425964258611202,0.8282033160328865,0.43391937017440796,-0.042596425861120224,0.028203316032886505,0.43391937017440796
1607155624.5353951,-0.5425964258611202,0.8282033160328865,0.43391937017440796,-0.042596425861120224,0.028203316032886505,0.43391937017440796
1607155624.6486802,-0.5501225367188454,0.8289453081786633,0.43806126713752747,-0.05012253671884537,0.028945308178663254,0.43806126713752747
1607155624.852112,-0.5546826459467411,0.8290377289056778,0.43187254667282104,-0.054682645946741104,0.029037728905677795,0.43187254667282104
1607155625.057391,-0.5546826459467411,0.8290377289056778,0.43187254667282104,-0.054682645946741104,0.029037728905677795,0.43187254667282104
1607155625.2626686,-0.5546826459467411,0.8290377289056778,0.43187254667282104,-0.054682645946741104,0.029037728905677795,0.43187254667282104
1607155625.4680781,-0.5491141080856323,0.8266806278377772,0.4387514889240265,-0.049114108085632324,0.026680627837777138,0.4387514889240265
1607155625.6693988,-0.5373854041099548,0.8185347013175488,0.4367900490760803,-0.037385404109954834,0.018534701317548752,0.4367900490760803
1607155625.9216444,-0.5373854041099548,0.8185347013175488,0.4367900490760803,-0.037385404109954834,0.018534701317548752,0.4367900490760803
1607155626.078451,-0.5393973253667355,0.8108138956129551,0.4342208504676819,-0.03939732536673546,0.010813895612955093,0.4342208504676819
1607155626.281381,-0.5393973253667355,0.8108138956129551,0.4342208504676819,-0.03939732536673546,0.010813895612955093,0.4342208504676819
1607155626.4826996,-0.5424885302782059,0.8158687420189381,0.42973092198371887,-0.04248853027820587,0.015868742018938065,0.42973092198371887
1607155626.7083988,-0.5424885302782059,0.8158687420189381,0.42973092198371887,-0.04248853027820587,0.015868742018938065,0.42973092198371887
1607155626.938277,-0.543710470199585,0.8195388644933701,0.4247075021266937,-0.04371047019958496,0.019538864493370056,0.4247075021266937
1607155627.145853,-0.543710470199585,0.8195388644933701,0.4247075021266937,-0.04371047019958496,0.019538864493370056,0.4247075021266937
1607155627.3160279,-0.5427731573581696,0.8155521547421813,0.4259204864501953,-0.042773157358169556,0.015552154742181301,0.4259204864501953
1607155627.5198426,-0.5427731573581696,0.8155521547421813,0.4259204864501953,-0.042773157358169556,0.015552154742181301,0.4259204864501953
1607155627.7573962,-0.5131885670125484,0.8116957221180201,0.42814362049102783,-0.013188567012548447,0.011695722118020058,0.42814362049102783
1607155627.9308705,-0.5131885670125484,0.8116957221180201,0.42814362049102783,-0.013188567012548447,0.011695722118020058,0.42814362049102783
1607155628.1353188,-0.4734788257628679,0.7931040620431304,0.41867461800575256,0.026521174237132072,-0.006895937956869602,0.41867461800575256
1607155628.3393154,-0.4734788257628679,0.7931040620431304,0.41867461800575256,0.026521174237132072,-0.006895937956869602,0.41867461800575256
1607155628.543993,-0.31759756803512573,0.7451520293951035,0.41223812103271484,0.18240243196487427,-0.054847970604896545,0.41223812103271484
1607155628.745936,-0.31759756803512573,0.7451520293951035,0.41223812103271484,0.18240243196487427,-0.054847970604896545,0.41223812103271484
1607155628.9484143,0.013035595417022705,0.6836420774459839,0.40137720108032227,0.5130355954170227,-0.11635792255401611,0.40137720108032227
1607155629.1977932,0.013035595417022705,0.6836420774459839,0.40137720108032227,0.5130355954170227,-0.11635792255401611,0.40137720108032227
1607155629.3553636,0.03375077247619629,0.5286095023155213,0.4208899736404419,0.5337507724761963,-0.27139049768447876,0.4208899736404419
1607155629.5711837,0.03375077247619629,0.5286095023155213,0.4208899736404419,0.5337507724761963,-0.27139049768447876,0.4208899736404419
1607155629.7765846,-0.15726172924041748,0.39002098441123967,0.42568111419677734,0.3427382707595825,-0.4099790155887604,0.42568111419677734
1607155629.9799023,-0.15726172924041748,0.39002098441123967,0.42568111419677734,0.3427382707595825,-0.4099790155887604,0.42568111419677734
1607155630.1852915,-0.18198522925376892,0.21626054048538212,0.4209889769554138,0.3180147707462311,-0.5837394595146179,0.4209889769554138
1607155630.3866303,-0.18198522925376892,0.21626054048538212,0.4209889769554138,0.3180147707462311,-0.5837394595146179,0.4209889769554138
1607155630.587642,-0.07916003465652466,0.047740030288696333,0.421530157327652,0.42083996534347534,-0.7522599697113037,0.421530157327652
1607155630.7981513,-0.07916003465652466,0.047740030288696333,0.421530157327652,0.42083996534347534,-0.7522599697113037,0.421530157327652
1607155631.018912,-0.036902666091918945,0.005674886703491255,0.41782835125923157,0.46309733390808105,-0.7943251132965088,0.41782835125923157
1607155631.245629,-0.036902666091918945,0.005674886703491255,0.41782835125923157,0.46309733390808105,-0.7943251132965088,0.41782835125923157
1607155631.4115038,-0.062334686517715454,0.015992391109466597,0.4207616448402405,0.43766531348228455,-0.7840076088905334,0.4207616448402405
1607155631.617293,-0.06546208262443542,0.011957454681396529,0.4107576906681061,0.4345379173755646,-0.7880425453186035,0.4107576906681061
1607155631.8203056,-0.06546208262443542,0.011957454681396529,0.4107576906681061,0.4345379173755646,-0.7880425453186035,0.4107576906681061
1607155632.0240479,-0.06546208262443542,0.011957454681396529,0.4107576906681061,0.4345379173755646,-0.7880425453186035,0.4107576906681061
1607155632.2294056,-0.05304473638534546,0.01414422988891606,0.41604483127593994,0.44695526361465454,-0.785855770111084,0.41604483127593994
1607155632.433868,-0.05304473638534546,0.01414422988891606,0.41604483127593994,0.44695526361465454,-0.785855770111084,0.41604483127593994
1607155632.6375513,-0.04483500123023987,0.027748632431030318,0.408123254776001,0.45516499876976013,-0.7722513675689697,0.408123254776001
1607155632.838376,-0.048516660928726196,0.029676723480224654,0.40472203493118286,0.4514833390712738,-0.7703232765197754,0.40472203493118286
1607155633.0410721,-0.048516660928726196,0.029676723480224654,0.40472203493118286,0.4514833390712738,-0.7703232765197754,0.40472203493118286
1607155633.244794,-0.04715001583099365,0.020660209655761763,0.40255966782569885,0.45284998416900635,-0.7793397903442383,0.40255966782569885
1607155633.490001,-0.04715001583099365,0.020660209655761763,0.40255966782569885,0.45284998416900635,-0.7793397903442383,0.40255966782569885
1607155633.6459715,-0.04715001583099365,0.020660209655761763,0.40255966782569885,0.45284998416900635,-0.7793397903442383,0.40255966782569885
1607155633.8505902,-0.03853201866149902,0.030937004089355513,0.4055619537830353,0.461467981338501,-0.7690629959106445,0.4055619537830353
1607155634.061243,-0.03707963228225708,0.029255676269531294,0.40442100167274475,0.4629203677177429,-0.7707443237304688,0.40442100167274475
1607155634.264,-0.03707963228225708,0.029255676269531294,0.40442100167274475,0.4629203677177429,-0.7707443237304688,0.40442100167274475
1607155634.524554,-0.03707963228225708,0.029255676269531294,0.40442100167274475,0.4629203677177429,-0.7707443237304688,0.40442100167274475
1607155634.6716635,-0.04585275053977966,0.006069409847259566,0.40829595923423767,0.45414724946022034,-0.7939305901527405,0.40829595923423767
1607155634.8769774,-0.04585275053977966,0.006069409847259566,0.40829595923423767,0.45414724946022034,-0.7939305901527405,0.40829595923423767
1607155635.0806315,-0.05854833126068115,0.01532911062240605,0.40447765588760376,0.44145166873931885,-0.784670889377594,0.40447765588760376
1607155635.2824504,-0.05854833126068115,0.01532911062240605,0.40447765588760376,0.44145166873931885,-0.784670889377594,0.40447765588760376
1607155635.4876578,-0.029556095600128174,0.025126445293426558,0.40246620774269104,0.4704439043998718,-0.7748735547065735,0.40246620774269104
1607155635.688516,0.10453307628631592,0.037044513225555464,0.40385210514068604,0.6045330762863159,-0.7629554867744446,0.40385210514068604
1607155635.8937876,0.10453307628631592,0.037044513225555464,0.40385210514068604,0.6045330762863159,-0.7629554867744446,0.40385210514068604
1607155636.0972657,0.24110323190689087,0.03329401016235356,0.3928043842315674,0.7411032319068909,-0.7667059898376465,0.3928043842315674
1607155636.3500903,0.24110323190689087,0.03329401016235356,0.3928043842315674,0.7411032319068909,-0.7667059898376465,0.3928043842315674
1607155636.5036275,0.19727331399917603,0.01712070703506474,0.38597673177719116,0.697273313999176,-0.7828792929649353,0.38597673177719116
1607155636.7050436,0.19727331399917603,0.01712070703506474,0.38597673177719116,0.697273313999176,-0.7828792929649353,0.38597673177719116
1607155636.910265,0.01272284984588623,0.021664905548095748,0.3926527202129364,0.5127228498458862,-0.7783350944519043,0.3926527202129364
1607155637.1160412,0.01272284984588623,0.021664905548095748,0.3926527202129364,0.5127228498458862,-0.7783350944519043,0.3926527202129364
1607155637.319627,-0.06846064329147339,0.029790747165679976,0.3988399803638458,0.4315393567085266,-0.7702092528343201,0.3988399803638458
1607155637.5396962,-0.06846064329147339,0.029790747165679976,0.3988399803638458,0.4315393567085266,-0.7702092528343201,0.3988399803638458
1607155637.7292194,-0.06299597024917603,0.01569764614105229,0.40123024582862854,0.437004029750824,-0.7843023538589478,0.40123024582862854
1607155637.9326096,-0.06299597024917603,0.01569764614105229,0.40123024582862854,0.437004029750824,-0.7843023538589478,0.40123024582862854
1607155638.155404,0.019444644451141357,0.017346727848053023,0.39883047342300415,0.5194446444511414,-0.782653272151947,0.39883047342300415
1607155638.360602,0.019444644451141357,0.017346727848053023,0.39883047342300415,0.5194446444511414,-0.782653272151947,0.39883047342300415
1607155638.5654387,0.3365776538848877,0.021040606498718306,0.40601664781570435,0.8365776538848877,-0.7789593935012817,0.40601664781570435
1607155638.7657537,0.3365776538848877,0.021040606498718306,0.40601664781570435,0.8365776538848877,-0.7789593935012817,0.40601664781570435
1607155639.0147333,0.5216020345687866,0.012921500205993697,0.3910011053085327,1.0216020345687866,-0.7870784997940063,0.3910011053085327
1607155639.173984,0.5216020345687866,0.012921500205993697,0.3910011053085327,1.0216020345687866,-0.7870784997940063,0.3910011053085327
1607155639.374894,0.29519808292388916,0.03407566547393803,0.39914506673812866,0.7951980829238892,-0.765924334526062,0.39914506673812866
1607155639.5756,0.29519808292388916,0.03407566547393803,0.39914506673812866,0.7951980829238892,-0.765924334526062,0.39914506673812866
1607155639.8048408,0.004749178886413574,0.014201927185058638,0.4033735990524292,0.5047491788864136,-0.7857980728149414,0.4033735990524292
1607155640.0031047,0.004749178886413574,0.014201927185058638,0.4033735990524292,0.5047491788864136,-0.7857980728149414,0.4033735990524292
1607155640.202764,-0.08200600743293762,0.024749684333801314,0.4116244912147522,0.4179939925670624,-0.7752503156661987,0.4116244912147522
1607155640.4134166,-0.08200600743293762,0.024749684333801314,0.4116244912147522,0.4179939925670624,-0.7752503156661987,0.4116244912147522
1607155640.614109,-0.059192389249801636,0.03132836818695073,0.41552501916885376,0.44080761075019836,-0.7686716318130493,0.41552501916885376
1607155640.819427,-0.059192389249801636,0.03132836818695073,0.41552501916885376,0.44080761075019836,-0.7686716318130493,0.41552501916885376
1607155641.0469177,-0.08236193656921387,0.02370487451553349,0.406095415353775,0.41763806343078613,-0.7762951254844666,0.406095415353775
1607155641.2249174,-0.08236193656921387,0.02370487451553349,0.406095415353775,0.41763806343078613,-0.7762951254844666,0.406095415353775
1607155641.4302034,-0.11741259694099426,0.02726809978485112,0.39939770102500916,0.38258740305900574,-0.7727319002151489,0.39939770102500916
1607155641.6353316,-0.11741259694099426,0.02726809978485112,0.39939770102500916,0.38258740305900574,-0.7727319002151489,0.39939770102500916
1607155641.8470538,-0.07727539539337158,0.02915720939636235,0.4011305570602417,0.4227246046066284,-0.7708427906036377,0.4011305570602417
1607155642.0839858,-0.07727539539337158,0.02915720939636235,0.4011305570602417,0.4227246046066284,-0.7708427906036377,0.4011305570602417
1607155642.25062,-0.1931125521659851,0.03890328407287602,0.3951111137866974,0.3068874478340149,-0.761096715927124,0.3951111137866974
1607155642.4560702,-0.1931125521659851,0.03890328407287602,0.3951111137866974,0.3068874478340149,-0.761096715927124,0.3951111137866974
1607155642.6562045,-0.40902306139469147,0.03713546991348271,0.3776712119579315,0.09097693860530853,-0.7628645300865173,0.3776712119579315
1607155642.8613424,-0.40902306139469147,0.03713546991348271,0.3776712119579315,0.09097693860530853,-0.7628645300865173,0.3776712119579315
1607155643.1326885,-0.2811664044857025,0.024309504032135054,0.39066436886787415,0.21883359551429749,-0.775690495967865,0.39066436886787415
1607155643.2741961,-0.06723105907440186,0.02069400548934941,0.40331345796585083,0.43276894092559814,-0.7793059945106506,0.40331345796585083
1607155643.4750495,-0.06723105907440186,0.02069400548934941,0.40331345796585083,0.43276894092559814,-0.7793059945106506,0.40331345796585083
1607155643.6860535,-0.03243285417556763,0.016469287872314498,0.403177946805954,0.4675671458244324,-0.7835307121276855,0.403177946805954
1607155643.891276,-0.03243285417556763,0.016469287872314498,0.403177946805954,0.4675671458244324,-0.7835307121276855,0.403177946805954
1607155644.0949678,-0.055992066860198975,0.02807151079177861,0.40634387731552124,0.444007933139801,-0.7719284892082214,0.40634387731552124
1607155644.3056505,-0.055992066860198975,0.02807151079177861,0.40634387731552124,0.444007933139801,-0.7719284892082214,0.40634387731552124
1607155644.5315852,-0.055992066860198975,0.02807151079177861,0.40634387731552124,0.444007933139801,-0.7719284892082214,0.40634387731552124
1607155644.7083251,-0.04895561933517456,0.026857721805572554,0.4098626971244812,0.45104438066482544,-0.7731422781944275,0.4098626971244812
1607155644.9123733,-0.043122053146362305,0.007993686199188277,0.4167478084564209,0.4568779468536377,-0.7920063138008118,0.4167478084564209
1607155645.1138284,-0.043122053146362305,0.007993686199188277,0.4167478084564209,0.4568779468536377,-0.7920063138008118,0.4167478084564209
1607155645.329244,-0.04659262299537659,0.025800752639770552,0.4092439115047455,0.4534073770046234,-0.7741992473602295,0.4092439115047455
1607155645.5375013,-0.04659262299537659,0.025800752639770552,0.4092439115047455,0.4534073770046234,-0.7741992473602295,0.4092439115047455
1607155645.7486405,-0.05342346429824829,0.12376211881637578,0.4019767642021179,0.4465765357017517,-0.6762378811836243,0.4019767642021179
1607155645.950192,-0.05342346429824829,0.12376211881637578,0.4019767642021179,0.4465765357017517,-0.6762378811836243,0.4019767642021179
1607155646.1509278,-0.050754010677337646,0.09611551761627202,0.39083993434906006,0.44924598932266235,-0.703884482383728,0.39083993434906006
1607155646.355533,-0.050754010677337646,0.09611551761627202,0.39083993434906006,0.44924598932266235,-0.703884482383728,0.39083993434906006
1607155646.5611908,-0.046480029821395874,0.019776570796966597,0.4036288857460022,0.4535199701786041,-0.7802234292030334,0.4036288857460022
1607155646.7672331,-0.046480029821395874,0.019776570796966597,0.4036288857460022,0.4535199701786041,-0.7802234292030334,0.4036288857460022
1607155646.9726002,-0.04843318462371826,0.06265841722488408,0.3926967680454254,0.45156681537628174,-0.737341582775116,0.3926967680454254
1607155647.17697,-0.04843318462371826,0.06265841722488408,0.3926967680454254,0.45156681537628174,-0.737341582775116,0.3926967680454254
1607155647.3986633,-0.05425754189491272,0.06382404565811162,0.40148046612739563,0.4457424581050873,-0.7361759543418884,0.40148046612739563
1607155647.6014242,-0.05425754189491272,0.06382404565811162,0.40148046612739563,0.4457424581050873,-0.7361759543418884,0.40148046612739563
1607155647.8383746,-0.06352382898330688,0.02744292020797734,0.40223023295402527,0.4364761710166931,-0.7725570797920227,0.40223023295402527
1607155648.0098674,-0.06352382898330688,0.02744292020797734,0.40223023295402527,0.4364761710166931,-0.7725570797920227,0.40223023295402527
1607155648.2130663,-0.06972038745880127,0.03231810331344609,0.3982076346874237,0.43027961254119873,-0.767681896686554,0.3982076346874237
1607155648.4237847,-0.06972038745880127,0.03231810331344609,0.3982076346874237,0.43027961254119873,-0.767681896686554,0.3982076346874237
1607155648.6292007,-0.0598733127117157,0.024594533443450972,0.3950996696949005,0.4401266872882843,-0.7754054665565491,0.3950996696949005
1607155648.8329544,-0.05154100060462952,0.011434125900268599,0.39366674423217773,0.4484589993953705,-0.7885658740997314,0.39366674423217773
1607155649.0723853,-0.05154100060462952,0.011434125900268599,0.39366674423217773,0.4484589993953705,-0.7885658740997314,0.39366674423217773
1607155649.2899427,-0.05154100060462952,0.011434125900268599,0.39366674423217773,0.4484589993953705,-0.7885658740997314,0.39366674423217773
1607155649.4462073,-0.049666404724121094,0.017433571815490767,0.4039275050163269,0.4503335952758789,-0.7825664281845093,0.4039275050163269
1607155649.6515727,-0.049666404724121094,0.017433571815490767,0.4039275050163269,0.4503335952758789,-0.7825664281845093,0.4039275050163269
1607155649.8533063,-0.04708021879196167,0.030449497699737593,0.4039340615272522,0.45291978120803833,-0.7695505023002625,0.4039340615272522
1607155650.0562425,-0.04360195994377136,0.03095077276229863,0.40144017338752747,0.45639804005622864,-0.7690492272377014,0.40144017338752747
1607155650.2613227,-0.04360195994377136,0.03095077276229863,0.40144017338752747,0.45639804005622864,-0.7690492272377014,0.40144017338752747
1607155650.4640462,-0.04496052861213684,0.014983046054840132,0.3991849720478058,0.45503947138786316,-0.7850169539451599,0.3991849720478058
1607155650.6694891,-0.04496052861213684,0.014983046054840132,0.3991849720478058,0.45503947138786316,-0.7850169539451599,0.3991849720478058
1607155650.894786,-0.04496052861213684,0.014983046054840132,0.3991849720478058,0.45503947138786316,-0.7850169539451599,0.3991849720478058
1607155651.1209009,-0.05907812714576721,0.014045226573944136,0.4109201431274414,0.4409218728542328,-0.7859547734260559,0.4109201431274414
1607155651.2777627,-0.2552441656589508,0.02006851434707646,0.4007023870944977,0.2447558343410492,-0.7799314856529236,0.4007023870944977
1607155651.4994283,-0.2552441656589508,0.02006851434707646,0.4007023870944977,0.2447558343410492,-0.7799314856529236,0.4007023870944977
1607155651.7018523,-0.2552441656589508,0.02006851434707646,0.4007023870944977,0.2447558343410492,-0.7799314856529236,0.4007023870944977
1607155651.9060354,-0.5780554786324501,0.020380902290344283,0.38520821928977966,-0.0780554786324501,-0.7796190977096558,0.38520821928977966
1607155652.1618493,-0.5780554786324501,0.020380902290344283,0.38520821928977966,-0.0780554786324501,-0.7796190977096558,0.38520821928977966
1607155652.311041,-0.5628115832805634,0.029215741157531783,0.3844924867153168,-0.06281158328056335,-0.7707842588424683,0.3844924867153168
1607155652.5221314,-0.2653261125087738,0.019960331916809126,0.3907569646835327,0.2346738874912262,-0.7800396680831909,0.3907569646835327
1607155652.7470424,-0.2653261125087738,0.019960331916809126,0.3907569646835327,0.2346738874912262,-0.7800396680831909,0.3907569646835327
1607155652.957812,-0.04859679937362671,0.022648382186889693,0.40078431367874146,0.4514032006263733,-0.7773516178131104,0.40078431367874146
1607155653.1360795,-0.04859679937362671,0.022648382186889693,0.40078431367874146,0.4514032006263733,-0.7773516178131104,0.40078431367874146
1607155653.3413863,-0.022936135530471802,0.025371241569519087,0.40506482124328613,0.4770638644695282,-0.774628758430481,0.40506482124328613
1607155653.5429666,-0.022936135530471802,0.025371241569519087,0.40506482124328613,0.4770638644695282,-0.774628758430481,0.40506482124328613
1607155653.7455816,-0.042968302965164185,0.015859115123748824,0.4142959415912628,0.4570316970348358,-0.7841408848762512,0.4142959415912628
1607155653.9509642,-0.042968302965164185,0.015859115123748824,0.4142959415912628,0.4570316970348358,-0.7841408848762512,0.4142959415912628
1607155654.1674058,-0.046222984790802,0.002339112758636519,0.40681561827659607,0.453777015209198,-0.7976608872413635,0.40681561827659607
1607155654.3646967,-0.046222984790802,0.002339112758636519,0.40681561827659607,0.453777015209198,-0.7976608872413635,0.40681561827659607
1607155654.570129,-0.042607665061950684,0.0312625646591187,0.40913084149360657,0.4573923349380493,-0.7687374353408813,0.40913084149360657
1607155654.7734847,-0.042607665061950684,0.0312625646591187,0.40913084149360657,0.4573923349380493,-0.7687374353408813,0.40913084149360657
1607155654.9759138,-0.03681114315986633,0.033807384967804,0.39955979585647583,0.46318885684013367,-0.766192615032196,0.39955979585647583
1607155655.251302,-0.03681114315986633,0.033807384967804,0.39955979585647583,0.46318885684013367,-0.766192615032196,0.39955979585647583
1607155655.3986883,-0.04659774899482727,0.009758520126342818,0.39964109659194946,0.45340225100517273,-0.7902414798736572,0.39964109659194946
1607155655.6015542,-0.04659774899482727,0.009758520126342818,0.39964109659194946,0.45340225100517273,-0.7902414798736572,0.39964109659194946
1607155655.8046856,-0.05101272463798523,0.024321663379669234,0.40012338757514954,0.44898727536201477,-0.7756783366203308,0.40012338757514954
1607155656.0081592,-0.05101272463798523,0.024321663379669234,0.40012338757514954,0.44898727536201477,-0.7756783366203308,0.40012338757514954
1607155656.2103698,-0.049609214067459106,0.03166960477828984,0.40335649251937866,0.4503907859325409,-0.7683303952217102,0.40335649251937866
1607155656.412323,-0.049609214067459106,0.03166960477828984,0.40335649251937866,0.4503907859325409,-0.7683303952217102,0.40335649251937866
1607155656.640942,-0.05286139249801636,0.017404723167419478,0.40328726172447205,0.44713860750198364,-0.7825952768325806,0.40328726172447205
1607155656.8576367,-0.05286139249801636,0.017404723167419478,0.40328726172447205,0.44713860750198364,-0.7825952768325806,0.40328726172447205
1607155657.03754,-0.060762494802474976,0.004615473747253462,0.40546226501464844,0.439237505197525,-0.7953845262527466,0.40546226501464844
1607155657.2394457,-0.060762494802474976,0.004615473747253462,0.40546226501464844,0.439237505197525,-0.7953845262527466,0.40546226501464844
1607155657.4455423,-0.05717727541923523,0.024486172199249312,0.4031120836734772,0.44282272458076477,-0.7755138278007507,0.4031120836734772
1607155657.650949,-0.05717727541923523,0.024486172199249312,0.4031120836734772,0.44282272458076477,-0.7755138278007507,0.4031120836734772
1607155657.852602,-0.04037180542945862,-0.003328752517700151,0.3943624496459961,0.4596281945705414,-0.8033287525177002,0.3943624496459961
1607155658.0758665,-0.04037180542945862,-0.003328752517700151,0.3943624496459961,0.4596281945705414,-0.8033287525177002,0.3943624496459961
1607155658.2915313,-0.047457367181777954,-0.11459995508193965,0.39042359590530396,0.45254263281822205,-0.9145999550819397,0.39042359590530396
1607155658.5128872,-0.047457367181777954,-0.11459995508193965,0.39042359590530396,0.45254263281822205,-0.9145999550819397,0.39042359590530396
1607155658.6794384,-0.1717354655265808,-0.12471075057983394,0.3969285786151886,0.3282645344734192,-0.924710750579834,0.3969285786151886
1607155658.8832242,-0.1717354655265808,-0.12471075057983394,0.3969285786151886,0.3282645344734192,-0.924710750579834,0.3969285786151886
1607155659.0948598,-0.3657127469778061,-0.06680942773818965,0.38330763578414917,0.1342872530221939,-0.8668094277381897,0.38330763578414917
1607155659.3481095,-0.3657127469778061,-0.06680942773818965,0.38330763578414917,0.1342872530221939,-0.8668094277381897,0.38330763578414917
1607155659.5121646,-0.23527792096138,-0.0008871078491210493,0.4001772105693817,0.26472207903862,-0.8008871078491211,0.4001772105693817
1607155659.7145412,-0.045394182205200195,0.026793169975280806,0.40721508860588074,0.4546058177947998,-0.7732068300247192,0.40721508860588074
1607155659.9199283,-0.045394182205200195,0.026793169975280806,0.40721508860588074,0.4546058177947998,-0.7732068300247192,0.40721508860588074
1607155660.1258547,-0.03438293933868408,0.029600548744201705,0.4029697775840759,0.4656170606613159,-0.7703994512557983,0.4029697775840759
1607155660.3293247,-0.03438293933868408,0.029600548744201705,0.4029697775840759,0.4656170606613159,-0.7703994512557983,0.4029697775840759
1607155660.5469902,-0.03438293933868408,0.029600548744201705,0.4029697775840759,0.4656170606613159,-0.7703994512557983,0.4029697775840759
1607155660.7694447,-0.06114301085472107,0.022347438335418746,0.4109583795070648,0.43885698914527893,-0.7776525616645813,0.4109583795070648
1607155660.9817133,-0.04046672582626343,0.017873811721801802,0.40910619497299194,0.4595332741737366,-0.7821261882781982,0.40910619497299194
1607155661.160212,-0.04046672582626343,0.017873811721801802,0.40910619497299194,0.4595332741737366,-0.7821261882781982,0.40910619497299194
1607155661.390416,-0.1028006374835968,0.017120826244354292,0.4065133333206177,0.3971993625164032,-0.7828791737556458,0.4065133333206177
1607155661.6021452,-0.1028006374835968,0.017120826244354292,0.4065133333206177,0.3971993625164032,-0.7828791737556458,0.4065133333206177
1607155661.7743156,-0.3444577008485794,0.03323231935501103,0.3826683461666107,0.1555422991514206,-0.766767680644989,0.3826683461666107
1607155661.9856317,-0.3444577008485794,0.03323231935501103,0.3826683461666107,0.1555422991514206,-0.766767680644989,0.3826683461666107
1607155662.2011538,-0.3406630605459213,0.03410362005233769,0.39374810457229614,0.15933693945407867,-0.7658963799476624,0.39374810457229614
1607155662.4183147,-0.3406630605459213,0.03410362005233769,0.39374810457229614,0.15933693945407867,-0.7658963799476624,0.39374810457229614
1607155662.6090245,-0.26880544424057007,0.02054243087768559,0.3927096724510193,0.23119455575942993,-0.7794575691223145,0.3927096724510193
1607155662.8146887,-0.26880544424057007,0.02054243087768559,0.3927096724510193,0.23119455575942993,-0.7794575691223145,0.3927096724510193
1607155663.0188377,-0.13068163394927979,0.02321611642837529,0.4019318222999573,0.3693183660507202,-0.7767838835716248,0.4019318222999573
1607155663.2204053,-0.13068163394927979,0.02321611642837529,0.4019318222999573,0.3693183660507202,-0.7767838835716248,0.4019318222999573
1607155663.473513,-0.04360014200210571,0.016612696647644087,0.405757874250412,0.4563998579978943,-0.783387303352356,0.405757874250412
1607155663.627638,-0.04360014200210571,0.016612696647644087,0.405757874250412,0.4563998579978943,-0.783387303352356,0.405757874250412
1607155663.830437,-0.04792693257331848,0.03405307531356816,0.39272668957710266,0.4520730674266815,-0.7659469246864319,0.39272668957710266
1607155664.0345807,-0.04792693257331848,0.03405307531356816,0.39272668957710266,0.4520730674266815,-0.7659469246864319,0.39272668957710266
1607155664.2367067,-0.05106461048126221,0.022998023033142134,0.4160209596157074,0.4489353895187378,-0.7770019769668579,0.4160209596157074
1607155664.4634836,-0.05106461048126221,0.022998023033142134,0.4160209596157074,0.4489353895187378,-0.7770019769668579,0.4160209596157074
1607155664.647425,-0.01894599199295044,0.003403532505035445,0.4083840250968933,0.48105400800704956,-0.7965964674949646,0.4083840250968933
1607155664.8495317,-0.01894599199295044,0.003403532505035445,0.4083840250968933,0.48105400800704956,-0.7965964674949646,0.4083840250968933
1607155665.050993,-0.020566046237945557,0.030404317378997847,0.41034185886383057,0.47943395376205444,-0.7695956826210022,0.41034185886383057
1607155665.254102,-0.020566046237945557,0.030404317378997847,0.41034185886383057,0.47943395376205444,-0.7695956826210022,0.41034185886383057
1607155665.4565704,-0.05677062273025513,0.04789327383041386,0.39910030364990234,0.4432293772697449,-0.7521067261695862,0.39910030364990234
1607155665.7066257,-0.05677062273025513,0.04789327383041386,0.39910030364990234,0.4432293772697449,-0.7521067261695862,0.39910030364990234
1607155665.8588529,-0.06707927584648132,0.036119389533996626,0.39576858282089233,0.4329207241535187,-0.7638806104660034,0.39576858282089233
1607155666.0642495,-0.06707927584648132,0.036119389533996626,0.39576858282089233,0.4329207241535187,-0.7638806104660034,0.39576858282089233
1607155666.2650237,-0.040135353803634644,0.02094941139221196,0.39441239833831787,0.45986464619636536,-0.7790505886077881,0.39441239833831787
1607155666.4935858,-0.040135353803634644,0.02094941139221196,0.39441239833831787,0.45986464619636536,-0.7790505886077881,0.39441239833831787
1607155666.7101812,0.02479851245880127,0.02308444976806645,0.3978680670261383,0.5247985124588013,-0.7769155502319336,0.3978680670261383
1607155666.8775253,0.02479851245880127,0.02308444976806645,0.3978680670261383,0.5247985124588013,-0.7769155502319336,0.3978680670261383
1607155667.0824683,0.1460474729537964,0.02624123096466069,0.39775025844573975,0.6460474729537964,-0.7737587690353394,0.39775025844573975
1607155667.2850091,0.2112225890159607,0.027498412132263228,0.4008740484714508,0.7112225890159607,-0.7725015878677368,0.4008740484714508
1607155667.4894302,0.2112225890159607,0.027498412132263228,0.4008740484714508,0.7112225890159607,-0.7725015878677368,0.4008740484714508
1607155667.6948433,0.12655764818191528,0.03893266916275029,0.40624886751174927,0.6265576481819153,-0.7610673308372498,0.40624886751174927
1607155667.8969917,0.12655764818191528,0.03893266916275029,0.40624886751174927,0.6265576481819153,-0.7610673308372498,0.40624886751174927
1607155668.127488,-0.015971362590789795,0.039842534065246626,0.40338170528411865,0.4840286374092102,-0.7601574659347534,0.40338170528411865
1607155668.3291814,-0.015971362590789795,0.039842534065246626,0.40338170528411865,0.4840286374092102,-0.7601574659347534,0.40338170528411865
1607155668.5328193,-0.06766432523727417,0.023698198795318648,0.4008830487728119,0.43233567476272583,-0.7763018012046814,0.4008830487728119
1607155668.7385569,-0.06766432523727417,0.023698198795318648,0.4008830487728119,0.43233567476272583,-0.7763018012046814,0.4008830487728119
1607155668.9427304,-0.06162557005882263,0.024589169025421187,0.39653319120407104,0.43837442994117737,-0.7754108309745789,0.39653319120407104
1607155669.1464994,-0.06162557005882263,0.024589169025421187,0.39653319120407104,0.43837442994117737,-0.7754108309745789,0.39653319120407104
1607155669.348341,-0.05486154556274414,0.03145222663879399,0.4061795473098755,0.44513845443725586,-0.768547773361206,0.4061795473098755
1607155669.5526183,-0.05486154556274414,0.03145222663879399,0.4061795473098755,0.44513845443725586,-0.768547773361206,0.4061795473098755
1607155669.758087,-0.052861183881759644,0.023076224327087447,0.40117964148521423,0.44713881611824036,-0.7769237756729126,0.40117964148521423
1607155669.9633217,-0.052861183881759644,0.023076224327087447,0.40117964148521423,0.44713881611824036,-0.7769237756729126,0.40117964148521423
1607155670.168799,-0.021841764450073242,0.020414340496063277,0.399348646402359,0.47815823554992676,-0.7795856595039368,0.399348646402359
1607155670.3732378,-0.021841764450073242,0.020414340496063277,0.399348646402359,0.47815823554992676,-0.7795856595039368,0.399348646402359
1607155670.5743392,0.0016895532608032227,0.02130823135375981,0.3969287574291229,0.5016895532608032,-0.7786917686462402,0.3969287574291229
1607155670.775181,0.0016895532608032227,0.02130823135375981,0.3969287574291229,0.5016895532608032,-0.7786917686462402,0.3969287574291229
1607155670.977327,-0.03621703386306763,0.022504079341888472,0.39839139580726624,0.4637829661369324,-0.7774959206581116,0.39839139580726624
1607155671.178933,-0.03621703386306763,0.022504079341888472,0.39839139580726624,0.4637829661369324,-0.7774959206581116,0.39839139580726624
1607155671.380008,-0.06903961300849915,0.02239869832992558,0.3942432701587677,0.43096038699150085,-0.7776013016700745,0.3942432701587677
1607155671.582973,-0.06903961300849915,0.02239869832992558,0.3942432701587677,0.43096038699150085,-0.7776013016700745,0.3942432701587677
1607155671.7860794,-0.26452696323394775,0.020518708229064986,0.39752140641212463,0.23547303676605225,-0.7794812917709351,0.39752140641212463
1607155671.9905262,-0.26452696323394775,0.020518708229064986,0.39752140641212463,0.23547303676605225,-0.7794812917709351,0.39752140641212463
1607155672.1958551,-0.6031531393527985,0.016890096664428755,0.3840888440608978,-0.10315313935279846,-0.7831099033355713,0.3840888440608978
1607155672.401203,-0.6031531393527985,0.016890096664428755,0.3840888440608978,-0.10315313935279846,-0.7831099033355713,0.3840888440608978
1607155672.6024313,-0.5980074256658554,0.02177064418792729,0.38515692949295044,-0.09800742566585541,-0.7782293558120728,0.38515692949295044
1607155672.8128064,-0.5980074256658554,0.02177064418792729,0.38515692949295044,-0.09800742566585541,-0.7782293558120728,0.38515692949295044
1607155673.0139947,-0.27594034373760223,0.046465265750885054,0.39564090967178345,0.22405965626239777,-0.753534734249115,0.39564090967178345
1607155673.2181282,-0.27594034373760223,0.046465265750885054,0.39564090967178345,0.22405965626239777,-0.753534734249115,0.39564090967178345
1607155673.4221463,-0.022325098514556885,0.09341405630111699,0.4039614200592041,0.4776749014854431,-0.7065859436988831,0.4039614200592041
1607155673.6254764,-0.022325098514556885,0.09341405630111699,0.4039614200592041,0.4776749014854431,-0.7065859436988831,0.4039614200592041
1607155673.8296053,-0.01716703176498413,0.027385818958282515,0.3964792490005493,0.48283296823501587,-0.7726141810417175,0.3964792490005493
1607155674.033993,-0.01716703176498413,0.027385818958282515,0.3964792490005493,0.48283296823501587,-0.7726141810417175,0.3964792490005493
1607155674.2376187,0.1530962586402893,-0.2198363065719604,0.38491350412368774,0.6530962586402893,-1.0198363065719604,0.38491350412368774
1607155674.4524531,0.1530962586402893,-0.2198363065719604,0.38491350412368774,0.6530962586402893,-1.0198363065719604,0.38491350412368774
1607155674.6543767,0.3300720453262329,-0.3292380094528198,0.4050101041793823,0.8300720453262329,-1.1292380094528198,0.4050101041793823
1607155674.8594515,0.3227628469467163,-0.3208635568618774,0.4179221987724304,0.8227628469467163,-1.1208635568618774,0.4179221987724304
1607155675.075824,0.3227628469467163,-0.3208635568618774,0.4179221987724304,0.8227628469467163,-1.1208635568618774,0.4179221987724304
1607155675.280108,0.3227628469467163,-0.3208635568618774,0.4179221987724304,0.8227628469467163,-1.1208635568618774,0.4179221987724304
1607155675.4833572,0.27454835176467896,-0.31237204074859615,0.4175959825515747,0.774548351764679,-1.1123720407485962,0.4175959825515747
1607155675.6863406,0.27454835176467896,-0.31237204074859615,0.4175959825515747,0.774548351764679,-1.1123720407485962,0.4175959825515747
1607155675.8917189,0.2705652713775635,-0.3397513151168823,0.4115374684333801,0.7705652713775635,-1.1397513151168823,0.4115374684333801
1607155676.0948212,0.2541630268096924,-0.3483734846115112,0.4025271534919739,0.7541630268096924,-1.1483734846115112,0.4025271534919739
1607155676.2995584,0.2541630268096924,-0.3483734846115112,0.4025271534919739,0.7541630268096924,-1.1483734846115112,0.4025271534919739
1607155676.504933,0.24954909086227417,-0.3223880052566528,0.3925413191318512,0.7495490908622742,-1.1223880052566528,0.3925413191318512
1607155676.7065487,0.24954909086227417,-0.3223880052566528,0.3925413191318512,0.7495490908622742,-1.1223880052566528,0.3925413191318512
1607155676.91054,0.27406835556030273,-0.30589647293090816,0.40346211194992065,0.7740683555603027,-1.1058964729309082,0.40346211194992065
1607155677.116256,0.27406835556030273,-0.30589647293090816,0.40346211194992065,0.7740683555603027,-1.1058964729309082,0.40346211194992065
1607155677.3197892,0.2808758020401001,-0.32949526309967037,0.40236136317253113,0.7808758020401001,-1.1294952630996704,0.40236136317253113
1607155677.5250716,0.2808758020401001,-0.32949526309967037,0.40236136317253113,0.7808758020401001,-1.1294952630996704,0.40236136317253113
1607155677.7309942,0.21843767166137695,-0.4088302373886108,0.40106335282325745,0.718437671661377,-1.2088302373886108,0.40106335282325745
1607155677.9330359,0.21843767166137695,-0.4088302373886108,0.40106335282325745,0.718437671661377,-1.2088302373886108,0.40106335282325745
1607155678.1510837,0.16631299257278442,-0.4241472005844116,0.4022321403026581,0.6663129925727844,-1.2241472005844116,0.4022321403026581
1607155678.353529,0.16631299257278442,-0.4241472005844116,0.4022321403026581,0.6663129925727844,-1.2241472005844116,0.4022321403026581
1607155678.5685968,0.17066824436187744,-0.396093201637268,0.3959512412548065,0.6706682443618774,-1.196093201637268,0.3959512412548065
1607155678.7745774,0.17066824436187744,-0.396093201637268,0.3959512412548065,0.6706682443618774,-1.196093201637268,0.3959512412548065
1607155678.9760334,0.22091776132583618,-0.40113968849182124,0.39654862880706787,0.7209177613258362,-1.2011396884918213,0.39654862880706787
1607155679.1783106,0.22091776132583618,-0.40113968849182124,0.39654862880706787,0.7209177613258362,-1.2011396884918213,0.39654862880706787
1607155679.380224,0.2595849633216858,-0.42724866867065425,0.3927827477455139,0.7595849633216858,-1.2272486686706543,0.3927827477455139
1607155679.583708,0.2595849633216858,-0.42724866867065425,0.3927827477455139,0.7595849633216858,-1.2272486686706543,0.3927827477455139
1607155679.787016,0.2580339312553406,-0.4220145463943481,0.39040878415107727,0.7580339312553406,-1.2220145463943481,0.39040878415107727
1607155679.9922912,0.2580339312553406,-0.4220145463943481,0.39040878415107727,0.7580339312553406,-1.2220145463943481,0.39040878415107727
1607155680.1954439,0.25938355922698975,-0.4187850475311279,0.3954194486141205,0.7593835592269897,-1.218785047531128,0.3954194486141205
1607155680.4012902,0.25938355922698975,-0.4187850475311279,0.3954194486141205,0.7593835592269897,-1.218785047531128,0.3954194486141205
1607155680.6033428,0.273157000541687,-0.4342276573181152,0.3889874219894409,0.773157000541687,-1.2342276573181152,0.3889874219894409
1607155680.8085,0.273157000541687,-0.4342276573181152,0.3889874219894409,0.773157000541687,-1.2342276573181152,0.3889874219894409
1607155681.0121427,0.2334531545639038,-0.4453055381774902,0.3986205756664276,0.7334531545639038,-1.2453055381774902,0.3986205756664276
1607155681.2166483,0.2334531545639038,-0.4453055381774902,0.3986205756664276,0.7334531545639038,-1.2453055381774902,0.3986205756664276
1607155681.4171543,0.21295779943466187,-0.4142330408096313,0.39379891753196716,0.7129577994346619,-1.2142330408096313,0.39379891753196716
1607155681.8003137,0.24052363634109497,-0.3762655973434448,0.4033935070037842,0.740523636341095,-1.1762655973434448,0.4033935070037842
1607155681.8214164,0.24052363634109497,-0.3762655973434448,0.4033935070037842,0.740523636341095,-1.1762655973434448,0.4033935070037842
1607155682.0283077,0.24052363634109497,-0.3762655973434448,0.4033935070037842,0.740523636341095,-1.1762655973434448,0.4033935070037842
1607155682.2336159,0.24052363634109497,-0.3762655973434448,0.4033935070037842,0.740523636341095,-1.1762655973434448,0.4033935070037842
1607155682.4388635,0.24052363634109497,-0.3762655973434448,0.4033935070037842,0.740523636341095,-1.1762655973434448,0.4033935070037842
1607155682.644141,0.24052363634109497,-0.3762655973434448,0.4033935070037842,0.740523636341095,-1.1762655973434448,0.4033935070037842
