1607155621.6750412,0.29962695979047566,-0.30288000353612005,0.22749856114387512,-0.0003730402095243335,-0.002880003536120057,0.22749856114387512
1607155621.880273,0.29962695979047566,-0.30288000353612005,0.22749856114387512,-0.0003730402095243335,-0.002880003536120057,0.22749856114387512
1607155622.0832765,0.3037260924000293,-0.27824835404753684,0.3700423836708069,0.0037260924000293016,0.02175164595246315,0.3700423836708069
1607155622.29441,0.3037260924000293,-0.27824835404753684,0.3700423836708069,0.0037260924000293016,0.02175164595246315,0.3700423836708069
1607155622.5130017,0.31372473314404486,-0.3119108520448208,0.4140699505805969,0.013724733144044876,-0.011910852044820786,0.4140699505805969
1607155622.7026267,0.31372473314404486,-0.3119108520448208,0.4140699505805969,0.013724733144044876,-0.011910852044820786,0.4140699505805969
1607155622.9043722,0.29966620877967215,-0.3024211290292442,0.426961213350296,-0.00033379122032783926,-0.0024211290292441845,0.426961213350296
1607155623.1526423,0.29966620877967215,-0.3024211290292442,0.426961213350296,-0.00033379122032783926,-0.0024211290292441845,0.426961213350296
1607155623.319755,0.29765932629816233,-0.29660062906332313,0.4368300437927246,-0.002340673701837659,0.00339937093667686,0.4368300437927246
1607155623.5252912,0.29765932629816233,-0.29660062906332313,0.4368300437927246,-0.002340673701837659,0.00339937093667686,0.4368300437927246
1607155623.7201457,0.30472251838073133,-0.304318471532315,0.44465377926826477,0.004722518380731344,-0.004318471532315016,0.44465377926826477
1607155623.9542572,0.30472251838073133,-0.304318471532315,0.44465377926826477,0.004722518380731344,-0.004318471532315016,0.44465377926826477
1607155624.1243217,0.3085554262623191,-0.3051861759275198,0.43858328461647034,0.008555426262319088,-0.005186175927519798,0.43858328461647034
1607155624.3297102,0.3085554262623191,-0.3051861759275198,0.43858328461647034,0.008555426262319088,-0.005186175927519798,0.43858328461647034
1607155624.5351164,0.30388911040499805,-0.29972368439193814,0.44466379284858704,0.003889110404998064,0.00027631560806185007,0.44466379284858704
1607155624.748047,0.30388911040499805,-0.29972368439193814,0.44466379284858704,0.003889110404998064,0.00027631560806185007,0.44466379284858704
1607155624.9488132,0.29566232971847056,-0.2921629540622234,0.43418756127357483,-0.004337670281529427,0.007837045937776566,0.43418756127357483
1607155625.1816936,0.29566232971847056,-0.2921629540622234,0.43418756127357483,-0.004337670281529427,0.007837045937776566,0.43418756127357483
1607155625.354386,0.29930781073635443,-0.3018095839768648,0.434297114610672,-0.0006921892636455595,-0.0018095839768648148,0.434297114610672
1607155625.555225,0.3012116068974137,-0.30651515554636716,0.42942893505096436,0.0012116068974137306,-0.006515155546367168,0.42942893505096436
1607155625.77031,0.3012116068974137,-0.30651515554636716,0.42942893505096436,0.0012116068974137306,-0.006515155546367168,0.42942893505096436
1607155625.9853792,0.2969965179916471,-0.30390928983688353,0.42824000120162964,-0.0030034820083528757,-0.003909289836883545,0.42824000120162964
1607155626.1898112,0.2969965179916471,-0.30390928983688353,0.42824000120162964,-0.0030034820083528757,-0.003909289836883545,0.42824000120162964
1607155626.4130256,0.2969965179916471,-0.30390928983688353,0.42824000120162964,-0.0030034820083528757,-0.003909289836883545,0.42824000120162964
1607155626.65601,0.3035726916976273,-0.3078643010929227,0.4217541217803955,0.003572691697627306,-0.007864301092922688,0.4217541217803955
1607155626.8112228,0.3143737671896815,-0.3036776838824153,0.428516685962677,0.01437376718968153,-0.0036776838824152946,0.428516685962677
1607155627.0594819,0.3143737671896815,-0.3036776838824153,0.428516685962677,0.01437376718968153,-0.0036776838824152946,0.428516685962677
1607155627.2182772,0.3053055449388921,-0.29331274814903735,0.41915372014045715,0.005305544938892126,0.006687251850962639,0.41915372014045715
1607155627.4239056,0.3053055449388921,-0.29331274814903735,0.41915372014045715,0.005305544938892126,0.006687251850962639,0.41915372014045715
1607155627.6264577,0.3435766614973545,-0.2839628394693136,0.43501225113868713,0.04357666149735451,0.01603716053068638,0.43501225113868713
1607155627.831845,0.3435766614973545,-0.2839628394693136,0.43501225113868713,0.04357666149735451,0.01603716053068638,0.43501225113868713
1607155628.0352318,0.3824063643813133,-0.2984088984783739,0.43018725514411926,0.08240636438131332,0.0015911015216261148,0.43018725514411926
1607155628.267018,0.3824063643813133,-0.2984088984783739,0.43018725514411926,0.08240636438131332,0.0015911015216261148,0.43018725514411926
1607155628.4463356,0.6316389322280884,-0.2838351644575596,0.4186170697212219,0.3316389322280884,0.016164835542440414,0.4186170697212219
1607155628.6474273,0.6316389322280884,-0.2838351644575596,0.4186170697212219,0.3316389322280884,0.016164835542440414,0.4186170697212219
1607155628.8590224,0.9796245574951172,-0.24380829110741614,0.42224404215812683,0.6796245574951172,0.05619170889258385,0.42224404215812683
1607155629.0823088,0.9796245574951172,-0.24380829110741614,0.42224404215812683,0.6796245574951172,0.05619170889258385,0.42224404215812683
1607155629.2627873,0.9338194608688355,-0.22224806547164916,0.3918130397796631,0.6338194608688354,0.07775193452835083,0.3918130397796631
1607155629.4681373,0.9338194608688355,-0.22224806547164916,0.3918130397796631,0.6338194608688354,0.07775193452835083,0.3918130397796631
1607155629.6809957,0.5522927522659302,-0.1671155571937561,0.4140961766242981,0.2522927522659302,0.1328844428062439,0.4140961766242981
1607155629.9049861,0.5522927522659302,-0.1671155571937561,0.4140961766242981,0.2522927522659302,0.1328844428062439,0.4140961766242981
1607155630.0931015,0.19606565982103347,-0.07208422124385833,0.41812771558761597,-0.10393434017896652,0.22791577875614166,0.41812771558761597
1607155630.2959616,0.19606565982103347,-0.07208422124385833,0.41812771558761597,-0.10393434017896652,0.22791577875614166,0.41812771558761597
1607155630.5013406,0.0283915877342224,-0.0257915437221527,0.4154890477657318,-0.2716084122657776,0.2742084562778473,0.4154890477657318
1607155630.7031739,0.0283915877342224,-0.0257915437221527,0.4154890477657318,-0.2716084122657776,0.2742084562778473,0.4154890477657318
1607155630.9110534,-0.018347007036209118,0.0002885282039642445,0.4127320647239685,-0.3183470070362091,0.30028852820396423,0.4127320647239685
1607155631.1151612,-0.018347007036209118,0.0002885282039642445,0.4127320647239685,-0.3183470070362091,0.30028852820396423,0.4127320647239685
1607155631.358615,-0.029131007194519054,0.006950509548187267,0.4103780686855316,-0.32913100719451904,0.30695050954818726,0.4103780686855316
1607155631.5169137,-0.029131007194519054,0.006950509548187267,0.4103780686855316,-0.32913100719451904,0.30695050954818726,0.4103780686855316
1607155631.7227128,-0.03245834708213807,0.00040708184242249645,0.40932878851890564,-0.33245834708213806,0.3004070818424225,0.40932878851890564
1607155631.923882,-0.03245834708213807,0.00040708184242249645,0.40932878851890564,-0.33245834708213806,0.3004070818424225,0.40932878851890564
1607155632.1295514,-0.025329452753067028,-0.0001813948154449352,0.4076961874961853,-0.325329452753067,0.29981860518455505,0.4076961874961853
1607155632.3347,-0.025329452753067028,-0.0001813948154449352,0.4076961874961853,-0.325329452753067,0.29981860518455505,0.4076961874961853
1607155632.5365214,-0.01583213806152345,-0.0037554681301116832,0.40860605239868164,-0.31583213806152344,0.2962445318698883,0.40860605239868164
1607155632.7377374,-0.01583213806152345,-0.0037554681301116832,0.40860605239868164,-0.31583213806152344,0.2962445318698883,0.40860605239868164
1607155632.942817,-0.013819497823715221,0.003609043359756481,0.4045473635196686,-0.3138194978237152,0.30360904335975647,0.4045473635196686
1607155633.1478608,-0.013819497823715221,0.003609043359756481,0.4045473635196686,-0.3138194978237152,0.30360904335975647,0.4045473635196686
1607155633.397689,-0.016679924726486217,0.020460647344589245,0.4050166606903076,-0.3166799247264862,0.32046064734458923,0.4050166606903076
1607155633.5548513,-0.016679924726486217,0.020460647344589245,0.4050166606903076,-0.3166799247264862,0.32046064734458923,0.4050166606903076
1607155633.7557898,-0.014192295074462902,0.012833398580551159,0.39733150601387024,-0.3141922950744629,0.31283339858055115,0.39733150601387024
1607155633.9596772,-0.014192295074462902,0.012833398580551159,0.39733150601387024,-0.3141922950744629,0.31283339858055115,0.39733150601387024
1607155634.1615224,-0.004921299219131481,-0.01655580401420592,0.4034341871738434,-0.30492129921913147,0.28344419598579407,0.4034341871738434
1607155634.363943,-0.004921299219131481,-0.01655580401420592,0.4034341871738434,-0.30492129921913147,0.28344419598579407,0.4034341871738434
1607155634.569359,-0.003988993167877208,-0.008393067121505726,0.4010501205921173,-0.3039889931678772,0.29160693287849426,0.4010501205921173
1607155634.7734902,-0.003988993167877208,-0.008393067121505726,0.4010501205921173,-0.3039889931678772,0.29160693287849426,0.4010501205921173
1607155635.0104506,-0.0038611412048339955,-0.023702847957611073,0.40469181537628174,-0.303861141204834,0.2762971520423889,0.40469181537628174
1607155635.2379143,-0.0038611412048339955,-0.023702847957611073,0.40469181537628174,-0.303861141204834,0.2762971520423889,0.40469181537628174
1607155635.4708443,0.005882251262664784,-0.0323908507823944,0.4038257598876953,-0.2941177487373352,0.2676091492176056,0.4038257598876953
1607155635.611663,0.08263060748577117,-0.016801226139068592,0.40140771865844727,-0.21736939251422882,0.2831987738609314,0.40140771865844727
1607155635.8224123,0.08263060748577117,-0.016801226139068592,0.40140771865844727,-0.21736939251422882,0.2831987738609314,0.40140771865844727
1607155636.0257056,0.22819951474666594,0.008898657560348522,0.4007611572742462,-0.07180048525333405,0.3088986575603485,0.4007611572742462
1607155636.2627945,0.22819951474666594,0.008898657560348522,0.4007611572742462,-0.07180048525333405,0.3088986575603485,0.4007611572742462
1607155636.4873939,0.28158717714250087,0.04130397439002992,0.41216909885406494,-0.018412822857499123,0.3413039743900299,0.41216909885406494
1607155636.6298096,0.28158717714250087,0.04130397439002992,0.41216909885406494,-0.018412822857499123,0.3413039743900299,0.41216909885406494
1607155636.8310988,0.14373709559440612,0.026496273279190075,0.39612096548080444,-0.15626290440559387,0.32649627327919006,0.39612096548080444
1607155637.0347905,0.14373709559440612,0.026496273279190075,0.39612096548080444,-0.15626290440559387,0.32649627327919006,0.39612096548080444
1607155637.2376664,0.011083292961120594,-0.02077655792236327,0.40283364057540894,-0.2889167070388794,0.2792234420776367,0.40283364057540894
1607155637.440099,0.011083292961120594,-0.02077655792236327,0.40283364057540894,-0.2889167070388794,0.2792234420776367,0.40283364057540894
1607155637.653936,0.011083292961120594,-0.02077655792236327,0.40283364057540894,-0.2889167070388794,0.2792234420776367,0.40283364057540894
1607155637.8992913,-0.004001033306121837,-0.025737124681472767,0.3955603539943695,-0.3040010333061218,0.2742628753185272,0.3955603539943695
1607155638.0461862,0.09005154967308043,-0.009978014230728138,0.3933910131454468,-0.20994845032691956,0.29002198576927185,0.3933910131454468
1607155638.2500656,0.09005154967308043,-0.009978014230728138,0.3933910131454468,-0.20994845032691956,0.29002198576927185,0.3933910131454468
1607155638.4547105,0.43821788132190703,0.00877622961997987,0.40355175733566284,0.13821788132190704,0.30877622961997986,0.40355175733566284
1607155638.6568704,0.43821788132190703,0.00877622961997987,0.40355175733566284,0.13821788132190704,0.30877622961997986,0.40355175733566284
1607155638.8590834,0.5878906726837159,0.03503857254981996,0.3893161118030548,0.2878906726837158,0.33503857254981995,0.3893161118030548
1607155639.0639327,0.5878906726837159,0.03503857254981996,0.3893161118030548,0.2878906726837158,0.33503857254981995,0.3893161118030548
1607155639.2692134,0.29851242441218345,0.011048150062561046,0.4051419794559479,-0.0014875755878165364,0.31104815006256104,0.4051419794559479
1607155639.4717216,0.29851242441218345,0.011048150062561046,0.4051419794559479,-0.0014875755878165364,0.31104815006256104,0.4051419794559479
1607155639.672986,0.026511448621749867,-0.007018345594406117,0.40244442224502563,-0.2734885513782501,0.29298165440559387,0.40244442224502563
1607155639.884602,0.026511448621749867,-0.007018345594406117,0.40244442224502563,-0.2734885513782501,0.29298165440559387,0.40244442224502563
1607155640.1013534,-0.017652076482772838,-0.013266283273696888,0.4067017138004303,-0.3176520764827728,0.2867337167263031,0.4067017138004303
1607155640.3427403,-0.017652076482772838,-0.013266283273696888,0.4067017138004303,-0.3176520764827728,0.2867337167263031,0.4067017138004303
1607155640.4889097,-0.0016202151775360218,-0.011989194154739369,0.40803107619285583,-0.301620215177536,0.2880108058452606,0.40803107619285583
1607155640.6893623,-0.0016202151775360218,-0.011989194154739369,0.40803107619285583,-0.301620215177536,0.2880108058452606,0.40803107619285583
1607155640.8948991,-0.03437049388885499,-0.012263911962509144,0.40783509612083435,-0.334370493888855,0.28773608803749084,0.40783509612083435
1607155641.0965555,-0.03437049388885499,-0.012263911962509144,0.40783509612083435,-0.334370493888855,0.28773608803749084,0.40783509612083435
1607155641.3005242,-0.07808984518051149,0.007312846183776867,0.39903873205184937,-0.3780898451805115,0.30731284618377686,0.39903873205184937
1607155641.5056067,-0.07808984518051149,0.007312846183776867,0.39903873205184937,-0.3780898451805115,0.30731284618377686,0.39903873205184937
1607155641.7074661,-0.05746014118194581,0.012830418348312389,0.3955766558647156,-0.3574601411819458,0.3128304183483124,0.3955766558647156
1607155641.9117525,-0.05746014118194581,0.012830418348312389,0.3955766558647156,-0.3574601411819458,0.3128304183483124,0.3955766558647156
1607155642.1168182,-0.03187839388847352,-0.017791199684143055,0.3985731899738312,-0.3318783938884735,0.28220880031585693,0.3985731899738312
1607155642.3328218,-0.03187839388847352,-0.017791199684143055,0.3985731899738312,-0.3318783938884735,0.28220880031585693,0.3985731899738312
1607155642.5373561,-0.26784415245056153,-0.03195713758468627,0.39215150475502014,-0.5678441524505615,0.2680428624153137,0.39215150475502014
1607155642.7623348,-0.26784415245056153,-0.03195713758468627,0.39215150475502014,-0.5678441524505615,0.2680428624153137,0.39215150475502014
1607155642.9943404,-0.4019774317741394,-0.012717264890670765,0.38258814811706543,-0.7019774317741394,0.2872827351093292,0.38258814811706543
1607155643.1441453,-0.4019774317741394,-0.012717264890670765,0.38258814811706543,-0.7019774317741394,0.2872827351093292,0.38258814811706543
1607155643.3492327,-0.1572463631629944,-0.005140233039855946,0.4019758999347687,-0.4572463631629944,0.29485976696014404,0.4019758999347687
1607155643.5527666,-0.1572463631629944,-0.005140233039855946,0.4019758999347687,-0.4572463631629944,0.29485976696014404,0.4019758999347687
1607155643.7553413,-0.007503730058670055,0.0030970990657806508,0.4090624153614044,-0.30750373005867004,0.30309709906578064,0.4090624153614044
1607155643.9606977,-0.007503730058670055,0.0030970990657806508,0.4090624153614044,-0.30750373005867004,0.30309709906578064,0.4090624153614044
1607155644.171677,-0.014074307680130016,-0.006942617893218983,0.4044688940048218,-0.31407430768013,0.293057382106781,0.4044688940048218
1607155644.4085534,-0.014074307680130016,-0.006942617893218983,0.4044688940048218,-0.31407430768013,0.293057382106781,0.4044688940048218
1607155644.5787628,-0.011619371175766002,-0.004572319984436024,0.3984680473804474,-0.311619371175766,0.29542768001556396,0.3984680473804474
1607155644.7839186,-0.0024186789989471547,0.041479748487472545,0.40318819880485535,-0.30241867899894714,0.34147974848747253,0.40318819880485535
1607155644.9891455,-0.0024186789989471547,0.041479748487472545,0.40318819880485535,-0.30241867899894714,0.34147974848747253,0.40318819880485535
1607155645.1943405,0.012078809738159169,0.024646890163421642,0.40185093879699707,-0.2879211902618408,0.32464689016342163,0.40185093879699707
1607155645.4100478,0.012078809738159169,0.024646890163421642,0.40185093879699707,-0.2879211902618408,0.32464689016342163,0.40185093879699707
1607155645.6192958,0.012078809738159169,0.024646890163421642,0.40185093879699707,-0.2879211902618408,0.32464689016342163,0.40185093879699707
1607155645.8795097,0.0011856734752654918,0.05444918274879457,0.4002019464969635,-0.2988143265247345,0.35444918274879456,0.4002019464969635
1607155646.0127044,-0.004885476827621471,0.10835085511207582,0.3925488293170929,-0.30488547682762146,0.4083508551120758,0.3925488293170929
1607155646.2158408,-0.004885476827621471,0.10835085511207582,0.3925488293170929,-0.30488547682762146,0.4083508551120758,0.3925488293170929
1607155646.4237056,-0.004885476827621471,0.10835085511207582,0.3925488293170929,-0.30488547682762146,0.4083508551120758,0.3925488293170929
1607155646.6526647,-0.005110275745391857,-0.003563183546066273,0.39664870500564575,-0.30511027574539185,0.2964368164539337,0.39664870500564575
1607155646.8272195,-0.011329901218414318,-0.035768139362335194,0.40109172463417053,-0.3113299012184143,0.2642318606376648,0.40109172463417053
1607155647.074599,-0.011329901218414318,-0.035768139362335194,0.40109172463417053,-0.3113299012184143,0.2642318606376648,0.40109172463417053
1607155647.2430346,-0.00802413821220399,-0.016854572296142567,0.3920271098613739,-0.308024138212204,0.2831454277038574,0.3920271098613739
1607155647.4468796,-0.00802413821220399,-0.016854572296142567,0.3920271098613739,-0.308024138212204,0.2831454277038574,0.3920271098613739
1607155647.6497672,-0.0038807809352874867,-0.0019170224666595348,0.3949003517627716,-0.3038807809352875,0.29808297753334045,0.3949003517627716
1607155647.8551319,-0.0038807809352874867,-0.0019170224666595348,0.3949003517627716,-0.3038807809352875,0.29808297753334045,0.3949003517627716
1607155648.059053,-0.013913047313690197,0.023533356189727794,0.41280731558799744,-0.3139130473136902,0.3235333561897278,0.41280731558799744
1607155648.276301,-0.013913047313690197,0.023533356189727794,0.41280731558799744,-0.3139130473136902,0.3235333561897278,0.41280731558799744
1607155648.4788103,-0.015192431211471569,0.008388233184814464,0.40812790393829346,-0.31519243121147156,0.30838823318481445,0.40812790393829346
1607155648.7269762,-0.015192431211471569,0.008388233184814464,0.40812790393829346,-0.31519243121147156,0.30838823318481445,0.40812790393829346
1607155648.8970685,-0.015192431211471569,0.008388233184814464,0.40812790393829346,-0.31519243121147156,0.30838823318481445,0.40812790393829346
1607155649.0992293,-0.007537704706192028,-0.003618079423904408,0.4069840908050537,-0.307537704706192,0.2963819205760956,0.4069840908050537
1607155649.5540411,-0.007228475809097301,0.009202581644058239,0.3953939974308014,-0.3072284758090973,0.3092025816440582,0.3953939974308014
1607155649.6076496,-0.007228475809097301,0.009202581644058239,0.3953939974308014,-0.3072284758090973,0.3092025816440582,0.3953939974308014
1607155649.7559044,-0.01017601490020753,-0.002416449785232533,0.4010828733444214,-0.3101760149002075,0.29758355021476746,0.4010828733444214
1607155649.960095,-0.01017601490020753,-0.002416449785232533,0.4010828733444214,-0.3101760149002075,0.29758355021476746,0.4010828733444214
1607155650.165442,-0.009657305479049694,-0.028833913803100575,0.398120641708374,-0.3096573054790497,0.2711660861968994,0.398120641708374
1607155650.3676226,-0.0036392033100128285,-0.020218688249588,0.3905852735042572,-0.3036392033100128,0.279781311750412,0.3905852735042572
1607155650.5923083,-0.0036392033100128285,-0.020218688249588,0.3905852735042572,-0.3036392033100128,0.279781311750412,0.3905852735042572
1607155650.8098295,-0.0036392033100128285,-0.020218688249588,0.3905852735042572,-0.3036392033100128,0.279781311750412,0.3905852735042572
1607155651.0135016,-0.01640911102294923,-0.006067591905593861,0.39607658982276917,-0.3164091110229492,0.29393240809440613,0.39607658982276917
1607155651.2188194,-0.01640911102294923,-0.006067591905593861,0.39607658982276917,-0.3164091110229492,0.29393240809440613,0.39607658982276917
1607155651.4232252,-0.12356190085411073,-0.002006489038467396,0.39451977610588074,-0.4235619008541107,0.2979935109615326,0.39451977610588074
1607155651.627954,-0.421413791179657,0.0029515743255615345,0.40092018246650696,-0.721413791179657,0.3029515743255615,0.40092018246650696
1607155651.830763,-0.421413791179657,0.0029515743255615345,0.40092018246650696,-0.721413791179657,0.3029515743255615,0.40092018246650696
1607155652.032825,-0.5083310723304748,0.012408357858657848,0.3863517940044403,-0.8083310723304749,0.31240835785865784,0.3863517940044403
1607155652.2363222,-0.5083310723304748,0.012408357858657848,0.3863517940044403,-0.8083310723304749,0.31240835785865784,0.3863517940044403
1607155652.4515584,-0.5083310723304748,0.012408357858657848,0.3863517940044403,-0.8083310723304749,0.31240835785865784,0.3863517940044403
1607155652.6931283,-0.2332949757575989,-0.0032570838928222545,0.40703579783439636,-0.5332949757575989,0.29674291610717773,0.40703579783439636
1607155652.846094,-0.012761694192886364,5.07354736328236e-05,0.4036317467689514,-0.31276169419288635,0.3000507354736328,0.4036317467689514
1607155653.0505319,-0.012761694192886364,5.07354736328236e-05,0.4036317467689514,-0.31276169419288635,0.3000507354736328,0.4036317467689514
1607155653.253382,-0.01725004315376283,0.020041418075561535,0.39945945143699646,-0.3172500431537628,0.3200414180755615,0.39945945143699646
1607155653.5014524,-0.01725004315376283,0.020041418075561535,0.39945945143699646,-0.3172500431537628,0.3200414180755615,0.39945945143699646
1607155653.717486,-0.011715036630630504,0.03016660809516908,0.4166889190673828,-0.3117150366306305,0.33016660809516907,0.4166889190673828
1607155653.8743944,-0.011715036630630504,0.03016660809516908,0.4166889190673828,-0.3117150366306305,0.33016660809516907,0.4166889190673828
1607155654.0762417,0.016067254543304432,-0.012962657213211048,0.40002018213272095,-0.28393274545669556,0.28703734278678894,0.40002018213272095
1607155654.31092,0.016067254543304432,-0.012962657213211048,0.40002018213272095,-0.28393274545669556,0.28703734278678894,0.40002018213272095
1607155654.533217,-0.005723607540130626,-0.04033716320991515,0.4040544033050537,-0.3057236075401306,0.25966283679008484,0.4040544033050537
1607155654.68856,-0.005723607540130626,-0.04033716320991515,0.4040544033050537,-0.3057236075401306,0.25966283679008484,0.4040544033050537
1607155654.8939912,-0.016998183727264415,-0.016756165027618397,0.40222954750061035,-0.3169981837272644,0.2832438349723816,0.40222954750061035
1607155655.0970662,-0.016998183727264415,-0.016756165027618397,0.40222954750061035,-0.3169981837272644,0.2832438349723816,0.40222954750061035
1607155655.3394861,0.00039537549018858753,-0.012629377841949452,0.4051959812641144,-0.2996046245098114,0.28737062215805054,0.4051959812641144
1607155655.5136826,0.00039537549018858753,-0.012629377841949452,0.4051959812641144,-0.2996046245098114,0.28737062215805054,0.4051959812641144
1607155655.7180068,0.0022774815559387096,-0.014740395545959462,0.40078917145729065,-0.2977225184440613,0.2852596044540405,0.40078917145729065
1607155655.9239106,0.0022774815559387096,-0.014740395545959462,0.40078917145729065,-0.2977225184440613,0.2852596044540405,0.40078917145729065
1607155656.1501977,-0.003831368684768688,-0.01027839183807372,0.4003455936908722,-0.3038313686847687,0.28972160816192627,0.4003455936908722
1607155656.3514628,-0.003831368684768688,-0.01027839183807372,0.4003455936908722,-0.3038313686847687,0.28972160816192627,0.4003455936908722
1607155656.5551102,-0.013650518655776989,-0.010215330123901356,0.394131064414978,-0.313650518655777,0.28978466987609863,0.394131064414978
1607155656.7897696,-0.013650518655776989,-0.010215330123901356,0.394131064414978,-0.313650518655777,0.28978466987609863,0.394131064414978
1607155657.000869,-0.010171276330947887,-0.005577164888381947,0.4022311866283417,-0.3101712763309479,0.29442283511161804,0.4022311866283417
1607155657.1657052,-0.010171276330947887,-0.005577164888381947,0.4022311866283417,-0.3101712763309479,0.29442283511161804,0.4022311866283417
1607155657.3704317,0.007045942544937123,-0.002066481113433827,0.3986250162124634,-0.29295405745506287,0.29793351888656616,0.3986250162124634
1607155657.5753043,0.007045942544937123,-0.002066481113433827,0.3986250162124634,-0.29295405745506287,0.29793351888656616,0.3986250162124634
1607155657.7824411,0.00644778013229369,-0.06237758994102477,0.39549943804740906,-0.2935522198677063,0.23762241005897522,0.39549943804740906
1607155657.988106,0.00644778013229369,-0.06237758994102477,0.39549943804740906,-0.2935522198677063,0.23762241005897522,0.39549943804740906
1607155658.1934958,-0.007141900062561046,-0.18611409813165664,0.3968888521194458,-0.30714190006256104,0.11388590186834335,0.3968888521194458
1607155658.3941386,-0.05348594188690187,-0.19610669016838073,0.40194541215896606,-0.35348594188690186,0.10389330983161926,0.40194541215896606
1607155658.5948453,-0.05348594188690187,-0.19610669016838073,0.40194541215896606,-0.35348594188690186,0.10389330983161926,0.40194541215896606
1607155658.862298,-0.05348594188690187,-0.19610669016838073,0.40194541215896606,-0.35348594188690186,0.10389330983161926,0.40194541215896606
1607155659.0070891,-0.2931738615036011,-0.10509336292743682,0.3901316225528717,-0.5931738615036011,0.19490663707256317,0.3901316225528717
1607155659.214106,-0.29364402294158937,-0.024858224391937245,0.3908882439136505,-0.5936440229415894,0.27514177560806274,0.3908882439136505
1607155659.4185383,-0.29364402294158937,-0.024858224391937245,0.3908882439136505,-0.5936440229415894,0.27514177560806274,0.3908882439136505
1607155659.6203692,-0.04946367144584657,0.010451000928878795,0.4078175127506256,-0.34946367144584656,0.3104510009288788,0.4078175127506256
1607155659.8218625,-0.04946367144584657,0.010451000928878795,0.4078175127506256,-0.34946367144584656,0.3104510009288788,0.4078175127506256
1607155660.0231125,0.002121436595916737,0.012848687171936046,0.4003470242023468,-0.29787856340408325,0.31284868717193604,0.4003470242023468
1607155660.2735014,0.002121436595916737,0.012848687171936046,0.4003470242023468,-0.29787856340408325,0.31284868717193604,0.4003470242023468
1607155660.4562871,0.002121436595916737,0.012848687171936046,0.4003470242023468,-0.29787856340408325,0.31284868717193604,0.4003470242023468
1607155660.6386569,-0.029004555940628063,0.014132988452911388,0.39829087257385254,-0.32900455594062805,0.3141329884529114,0.39829087257385254
1607155660.8420675,0.005569952726364125,0.004279714822769176,0.39829739928245544,-0.29443004727363586,0.30427971482276917,0.39829739928245544
1607155661.0458653,0.005569952726364125,0.004279714822769176,0.39829739928245544,-0.29443004727363586,0.30427971482276917,0.39829739928245544
1607155661.2476857,0.0043421268463134655,0.0010451793670654408,0.3778027296066284,-0.2956578731536865,0.30104517936706543,0.3778027296066284
1607155661.4501774,0.0043421268463134655,0.0010451793670654408,0.3778027296066284,-0.2956578731536865,0.30104517936706543,0.3778027296066284
1607155661.6713414,-0.2839129686355591,-0.013698238134384144,0.467322438955307,-0.5839129686355591,0.28630176186561584,0.467322438955307
1607155661.8725512,-0.2839129686355591,-0.013698238134384144,0.467322438955307,-0.5839129686355591,0.28630176186561584,0.467322438955307
1607155662.0774193,-0.2839129686355591,-0.013698238134384144,0.467322438955307,-0.5839129686355591,0.28630176186561584,0.467322438955307
1607155662.3357239,-0.44713557958602906,0.003703814744949352,0.3763354420661926,-0.747135579586029,0.30370381474494934,0.3763354420661926
1607155662.4834697,-0.2772541165351868,-0.0030676305294036754,0.39078664779663086,-0.5772541165351868,0.2969323694705963,0.39078664779663086
1607155662.6874852,-0.2772541165351868,-0.0030676305294036754,0.39078664779663086,-0.5772541165351868,0.2969323694705963,0.39078664779663086
1607155662.9005244,-0.08110092282295228,-0.0047028541564941295,0.3998752236366272,-0.38110092282295227,0.29529714584350586,0.3998752236366272
1607155663.1058183,-0.08110092282295228,-0.0047028541564941295,0.3998752236366272,-0.38110092282295227,0.29529714584350586,0.3998752236366272
1607155663.3091886,-0.010479164123535167,0.003824812173843395,0.4006394147872925,-0.31047916412353516,0.3038248121738434,0.4006394147872925
1607155663.514562,-0.010479164123535167,0.003824812173843395,0.4006394147872925,-0.31047916412353516,0.3038248121738434,0.4006394147872925
1607155663.7162938,-0.003935229778289806,0.027864021062850963,0.4032773971557617,-0.3039352297782898,0.32786402106285095,0.4032773971557617
1607155663.9189286,-0.003935229778289806,0.027864021062850963,0.4032773971557617,-0.3039352297782898,0.32786402106285095,0.4032773971557617
1607155664.1561513,0.0074926197528839,0.03145064115524293,0.40605705976486206,-0.2925073802471161,0.3314506411552429,0.40605705976486206
1607155664.367532,0.0074926197528839,0.03145064115524293,0.40605705976486206,-0.2925073802471161,0.3314506411552429,0.40605705976486206
1607155664.5847557,0.0064256370067596325,0.0017370402812957875,0.4060382544994354,-0.29357436299324036,0.3017370402812958,0.4060382544994354
1607155664.7510896,0.0064256370067596325,0.0017370402812957875,0.4060382544994354,-0.29357436299324036,0.3017370402812958,0.4060382544994354
1607155664.953234,0.008006531000137318,-0.025290924310684193,0.4014790654182434,-0.29199346899986267,0.2747090756893158,0.4014790654182434
1607155665.1542451,0.008006531000137318,-0.025290924310684193,0.4014790654182434,-0.29199346899986267,0.2747090756893158,0.4014790654182434
1607155665.3555677,0.008117425441741932,-0.04571099877357482,0.40099984407424927,-0.29188257455825806,0.25428900122642517,0.40099984407424927
1607155665.5570498,0.008117425441741932,-0.04571099877357482,0.40099984407424927,-0.29188257455825806,0.25428900122642517,0.40099984407424927
1607155665.7887006,-0.006657075881958019,-0.03565870523452758,0.39875006675720215,-0.306657075881958,0.2643412947654724,0.39875006675720215
1607155666.010672,-0.006657075881958019,-0.03565870523452758,0.39875006675720215,-0.306657075881958,0.2643412947654724,0.39875006675720215
1607155666.1716924,0.015040206909179676,-0.01009165048599242,0.39888209104537964,-0.2849597930908203,0.28990834951400757,0.39888209104537964
1607155666.373441,0.015040206909179676,-0.01009165048599242,0.39888209104537964,-0.2849597930908203,0.28990834951400757,0.39888209104537964
1607155666.5747414,0.08030808269977568,-0.008340317010879505,0.40520229935646057,-0.2196919173002243,0.2916596829891205,0.40520229935646057
1607155666.7857332,0.08030808269977568,-0.008340317010879505,0.40520229935646057,-0.2196919173002243,0.2916596829891205,0.40520229935646057
1607155666.9910827,0.17962390482425689,-0.011342573165893544,0.39881226420402527,-0.1203760951757431,0.28865742683410645,0.39881226420402527
1607155667.2627208,0.17962390482425689,-0.011342573165893544,0.39881226420402527,-0.1203760951757431,0.28865742683410645,0.39881226420402527
1607155667.3968427,0.22891158163547515,-0.008778291940689076,0.40062040090560913,-0.07108841836452484,0.2912217080593109,0.40062040090560913
1607155667.6005745,0.22891158163547515,-0.008778291940689076,0.40062040090560913,-0.07108841836452484,0.2912217080593109,0.40062040090560913
1607155667.806006,0.1696760833263397,-0.0008375823497772106,0.39906537532806396,-0.13032391667366028,0.2991624176502228,0.39906537532806396
1607155668.0491402,0.1696760833263397,-0.0008375823497772106,0.39906537532806396,-0.13032391667366028,0.2991624176502228,0.39906537532806396
1607155668.2117546,0.03866957426071166,0.010351401567459118,0.39636877179145813,-0.26133042573928833,0.3103514015674591,0.39636877179145813
1607155668.4171886,0.03866957426071166,0.010351401567459118,0.39636877179145813,-0.26133042573928833,0.3103514015674591,0.39636877179145813
1607155668.6197011,-0.002211374044418346,0.014513772726058971,0.404062420129776,-0.30221137404441833,0.31451377272605896,0.404062420129776
1607155668.848318,-0.002211374044418346,0.014513772726058971,0.404062420129776,-0.30221137404441833,0.31451377272605896,0.404062420129776
1607155669.0256855,0.008595842123031605,0.010656756162643444,0.3981431722640991,-0.2914041578769684,0.31065675616264343,0.3981431722640991
1607155669.2289336,0.008595842123031605,0.010656756162643444,0.3981431722640991,-0.2914041578769684,0.31065675616264343,0.3981431722640991
1607155669.4341838,0.00012643933296202503,0.0029946982860565297,0.39929601550102234,-0.29987356066703796,0.3029946982860565,0.39929601550102234
1607155669.6388562,-0.00984356999397279,6.003379821778454e-05,0.3967258632183075,-0.3098435699939728,0.3000600337982178,0.3967258632183075
1607155669.8442352,-0.00984356999397279,6.003379821778454e-05,0.3967258632183075,-0.3098435699939728,0.3000600337982178,0.3967258632183075
1607155670.0487454,0.02261950373649596,-0.0043262720108032116,0.39888933300971985,-0.27738049626350403,0.2956737279891968,0.39888933300971985
1607155670.2497268,0.02261950373649596,-0.0043262720108032116,0.39888933300971985,-0.27738049626350403,0.2956737279891968,0.39888933300971985
1607155670.4501383,0.062321576476097096,-0.008031803369522084,0.3987180292606354,-0.2376784235239029,0.2919681966304779,0.3987180292606354
1607155670.6506276,0.062321576476097096,-0.008031803369522084,0.3987180292606354,-0.2376784235239029,0.2919681966304779,0.3987180292606354
1607155670.8540678,0.011784899234771717,-0.005651760101318348,0.3984793424606323,-0.28821510076522827,0.29434823989868164,0.3984793424606323
1607155671.0598025,0.011784899234771717,-0.005651760101318348,0.3984793424606323,-0.28821510076522827,0.29434823989868164,0.3984793424606323
1607155671.261285,-0.011559379100799572,-0.004960942268371571,0.3962078392505646,-0.31155937910079956,0.2950390577316284,0.3962078392505646
1607155671.465824,-0.011559379100799572,-0.004960942268371571,0.3962078392505646,-0.31155937910079956,0.2950390577316284,0.3962078392505646
1607155671.669281,-0.11378068923950196,-0.003771531581878651,0.3979193866252899,-0.41378068923950195,0.29622846841812134,0.3979193866252899
1607155671.8706903,-0.11378068923950196,-0.003771531581878651,0.3979193866252899,-0.41378068923950195,0.29622846841812134,0.3979193866252899
1607155672.0763118,-0.5007913827896118,-0.0006907761096954235,0.3933570384979248,-0.8007913827896118,0.29930922389030457,0.3933570384979248
1607155672.2768216,-0.5007913827896118,-0.0006907761096954235,0.3933570384979248,-0.8007913827896118,0.29930922389030457,0.3933570384979248
1607155672.4823399,-0.8228978633880615,0.01646960973739625,0.3894087076187134,-1.1228978633880615,0.31646960973739624,0.3894087076187134
1607155672.692777,-0.8228978633880615,0.01646960973739625,0.3894087076187134,-1.1228978633880615,0.31646960973739624,0.3894087076187134
1607155672.894325,-0.7067503452301025,0.01218308210372926,0.3943801820278168,-1.0067503452301025,0.31218308210372925,0.3943801820278168
1607155673.0949655,-0.7067503452301025,0.01218308210372926,0.3943801820278168,-1.0067503452301025,0.31218308210372925,0.3943801820278168
1607155673.2995038,-0.33087093830108644,0.04648576378822328,0.4052238464355469,-0.6308709383010864,0.34648576378822327,0.4052238464355469
1607155673.5010579,-0.33087093830108644,0.04648576378822328,0.4052238464355469,-0.6308709383010864,0.34648576378822327,0.4052238464355469
1607155673.7056122,-0.05913270711898805,0.05646095871925355,0.39317142963409424,-0.35913270711898804,0.35646095871925354,0.39317142963409424
1607155673.910547,-0.05913270711898805,0.05646095871925355,0.39317142963409424,-0.35913270711898804,0.35646095871925354,0.39317142963409424
1607155674.1155071,0.10710691213607787,-0.13833904564380645,0.3777886927127838,-0.19289308786392212,0.16166095435619354,0.3777886927127838
1607155674.3179574,0.10710691213607787,-0.13833904564380645,0.3777886927127838,-0.19289308786392212,0.16166095435619354,0.3777886927127838
1607155674.521398,0.33895846009254454,-0.3356752350926399,0.40646645426750183,0.038958460092544556,-0.03567523509263992,0.40646645426750183
1607155674.722331,0.33895846009254454,-0.3356752350926399,0.40646645426750183,0.038958460092544556,-0.03567523509263992,0.40646645426750183
1607155674.9395766,0.3660252347588539,-0.33112332336604594,0.40553730726242065,0.06602523475885391,-0.031123323366045952,0.40553730726242065
1607155675.1401236,0.3660252347588539,-0.33112332336604594,0.40553730726242065,0.06602523475885391,-0.031123323366045952,0.40553730726242065
1607155675.3433905,0.3393122136592865,-0.3037359644193202,0.4079899191856384,0.0393122136592865,-0.0037359644193202257,0.4079899191856384
1607155675.547575,0.3393122136592865,-0.3037359644193202,0.4079899191856384,0.0393122136592865,-0.0037359644193202257,0.4079899191856384
1607155675.7506502,0.3425897128880024,-0.33204263374209403,0.408279150724411,0.042589712888002396,-0.03204263374209404,0.408279150724411
1607155675.9513712,0.3425897128880024,-0.33204263374209403,0.408279150724411,0.042589712888002396,-0.03204263374209404,0.408279150724411
1607155676.1546805,0.3062386239878833,-0.3575091540813446,0.40842515230178833,0.006238623987883329,-0.057509154081344604,0.40842515230178833
1607155676.358566,0.3062386239878833,-0.3575091540813446,0.40842515230178833,0.006238623987883329,-0.057509154081344604,0.40842515230178833
1607155676.5639155,0.2740823395550251,-0.36976226717233657,0.4032321274280548,-0.0259176604449749,-0.06976226717233658,0.4032321274280548
1607155676.766294,0.2740823395550251,-0.36976226717233657,0.4032321274280548,-0.0259176604449749,-0.06976226717233658,0.4032321274280548
1607155676.9707713,0.3009165056981146,-0.3766802057623863,0.4021715819835663,0.0009165056981146336,-0.07668020576238632,0.4021715819835663
1607155677.176152,0.3009165056981146,-0.3766802057623863,0.4021715819835663,0.0009165056981146336,-0.07668020576238632,0.4021715819835663
1607155677.3814976,0.3316209942102432,-0.3583648793399334,0.40707120299339294,0.031620994210243225,-0.058364879339933395,0.40707120299339294
1607155677.5839615,0.3316209942102432,-0.3583648793399334,0.40707120299339294,0.031620994210243225,-0.058364879339933395,0.40707120299339294
1607155677.7943966,0.2906671456992626,-0.4247661858797073,0.39575013518333435,-0.009332854300737381,-0.12476618587970734,0.39575013518333435
1607155677.997233,0.2906671456992626,-0.4247661858797073,0.39575013518333435,-0.009332854300737381,-0.12476618587970734,0.39575013518333435
1607155678.198498,0.2363168254494667,-0.4813833564519882,0.3977380692958832,-0.0636831745505333,-0.18138335645198822,0.3977380692958832
1607155678.4016602,0.2363168254494667,-0.4813833564519882,0.3977380692958832,-0.0636831745505333,-0.18138335645198822,0.3977380692958832
1607155678.6126602,0.22392580211162566,-0.43947728276252745,0.3915972113609314,-0.07607419788837433,-0.13947728276252747,0.3915972113609314
1607155678.8129663,0.25287565886974334,-0.4115734577178955,0.4011431932449341,-0.04712434113025665,-0.11157345771789551,0.4011431932449341
1607155679.0144947,0.25287565886974334,-0.4115734577178955,0.4011431932449341,-0.04712434113025665,-0.11157345771789551,0.4011431932449341
1607155679.216606,0.25287565886974334,-0.4115734577178955,0.4011431932449341,-0.04712434113025665,-0.11157345771789551,0.4011431932449341
1607155679.417672,0.30112598470877855,-0.44914606511592864,0.40273118019104004,0.0011259847087785602,-0.14914606511592865,0.40273118019104004
1607155679.6230326,0.3308918487280607,-0.4655339151620865,0.4021267592906952,0.030891848728060722,-0.1655339151620865,0.4021267592906952
1607155679.8257177,0.3308918487280607,-0.4655339151620865,0.4021267592906952,0.030891848728060722,-0.1655339151620865,0.4021267592906952
1607155680.0309074,0.3225215256214142,-0.44276571571826934,0.40712669491767883,0.022521525621414185,-0.14276571571826935,0.40712669491767883
1607155680.2363029,0.3225215256214142,-0.44276571571826934,0.40712669491767883,0.022521525621414185,-0.14276571571826935,0.40712669491767883
1607155680.4416482,0.31879471726715564,-0.4313713490962982,0.3982868492603302,0.018794717267155647,-0.13137134909629822,0.3982868492603302
1607155680.6437383,0.31879471726715564,-0.4313713490962982,0.3982868492603302,0.018794717267155647,-0.13137134909629822,0.3982868492603302
1607155680.84642,0.31879471726715564,-0.4313713490962982,0.3982868492603302,0.018794717267155647,-0.13137134909629822,0.3982868492603302
1607155681.0518398,0.27922631353139876,-0.43506463170051574,0.3980957269668579,-0.020773686468601227,-0.13506463170051575,0.3980957269668579
1607155681.2612422,0.25324720069766044,-0.41135336756706237,0.3968442380428314,-0.046752799302339554,-0.11135336756706238,0.3968442380428314
1607155681.464257,0.25324720069766044,-0.41135336756706237,0.3968442380428314,-0.046752799302339554,-0.11135336756706238,0.3968442380428314
1607155681.6674974,0.27221264988183974,-0.3955568104982376,0.39806267619132996,-0.027787350118160248,-0.09555681049823761,0.39806267619132996
1607155681.991505,0.27221264988183974,-0.3955568104982376,0.39806267619132996,-0.027787350118160248,-0.09555681049823761,0.39806267619132996
