1605904225.0422447,0.0,0.0,0.0,2.3928296562717897,2.6398289456762702,
1605904225.2476168,0.0,0.0,0.0,2.3907678375633803,2.6341705266033175,
1605904225.4520626,0.0,0.0,0.0,2.387823026133222,2.627124559696847,
1605904225.6560955,0.0,0.0,0.0,2.3748745063531356,2.618332225035685,
1605904225.8580413,0.0,0.0,0.0,2.3668779410541347,2.615359105096478,
1605904226.0600824,0.0,0.0,0.0,2.359828451343382,2.6101003803895098,
1605904226.2643108,0.0,0.0,0.0,2.3546750312321634,2.616795112474557,
1605904226.4655097,0.0,0.0,0.0,2.3565122407115675,2.6298302608943898,
1605904226.6675682,0.0,0.0,0.0,2.36251555610249,2.635556197256144,
1605904226.8718302,0.0,0.0,0.0,2.3600529474521705,2.6275445995353954,
1605904227.0748994,0.0,0.0,0.0,2.352384960513183,2.6095219863086427,
1605904227.280467,0.0,0.0,0.0,2.3478095670955548,2.593871661209507,
1605904227.4809716,0.0,0.0,0.0,2.334594544181771,2.5818897732747206,
1605904227.686963,0.0,0.0,0.0,2.3180977961238165,2.5676626542527403,
1605904227.8912854,0.0,0.0,0.0,2.2980478445982966,2.5505305842827273,
1605904228.1203005,0.0,0.0,0.0,2.2757012676409114,2.529640690105304,
1605904228.296608,0.0,0.0,0.0,2.254462548880155,2.5129393698095246,
1605904228.529298,0.0,0.0,0.0,2.246570535393274,2.4872894506486354,
1605904228.7065234,0.0,0.0,0.0,2.2409069582418795,2.4736974704427728,
1605904228.9273815,0.0,0.0,0.0,2.23556485676441,2.4575645977755958,
1605904229.1323955,0.0,0.0,0.0,2.236587687391352,2.4575645977755958,
1605904229.3332176,0.0,0.0,0.0,2.2371030214678567,2.4508806964012555,
1605904229.5390246,0.0,0.0,0.0,2.236922785197115,2.4511057793125683,
1605904229.747007,0.0,0.0,0.0,2.2240178350227446,2.425623785557955,
1605904229.9504228,0.0,0.0,0.0,2.2009934636243846,2.3989113268670983,
1605904230.1561792,0.0,0.0,0.0,2.1832311200410444,2.383791648599713,
1605904230.3615422,0.0,0.0,0.0,2.176314055931491,2.383172740113959,
1605904230.5724688,0.0,0.0,0.0,2.161133873455494,2.358837885728722,
1605904230.7814832,0.0,0.0,0.0,2.1581671136611247,2.337899417261329,
1605904230.9835908,0.0,0.0,0.0,2.1126101546100706,2.278021633760028,
1605904231.1879506,0.0,0.0,0.0,2.1069091655497014,2.272283543978614,
1605904231.3919256,0.0,0.0,0.0,2.058162182070235,2.243301028553476,
1605904231.594108,0.0,0.0,0.0,2.0310305442405823,2.2119169344680927,
1605904231.7968605,0.0,0.0,0.0,1.9894896578185508,2.177561115622771,
1605904231.997898,0.0,0.0,0.0,1.9510619989522342,2.143524392994662,
1605904232.2031267,0.0,0.0,0.0,1.8781171516145212,2.0707917034962096,
1605904232.4083896,0.0,0.0,0.0,1.8282521039021913,2.0306878001932898,
1605904232.6112874,0.0,0.0,0.0,1.782563415524894,2.03854638678592,
1605904232.820974,0.0,0.0,0.0,1.708760988416351,2.0429431726280503,
1605904233.0252209,0.0,0.0,0.0,1.6620871771251016,2.0562242661236305,
1605904233.2261105,0.0,0.0,0.0,1.6206945090529319,2.0174522526483933,
1605904233.4552495,0.0,0.0,0.0,1.6636093991185805,2.0083224329588654,
1605904233.6327307,0.0,0.0,0.0,1.6672392382492867,1.933325831740935,
1605904233.8333225,0.0,0.0,0.0,1.6454490680213127,1.8597519972456873,
1605904234.038691,0.0,0.0,0.0,1.596929327575164,1.8335744312685183,
1605904234.2409687,0.0,0.0,0.0,1.5219487491527535,1.8780954373683176,
1605904234.4455874,0.0,0.0,0.0,1.4295897899319838,1.9496957827728019,
1605904234.6501906,0.0,0.0,0.0,1.304807136546098,1.9357578783462979,
1605904234.8547118,0.0,0.0,0.0,1.2705652148659887,1.881638369264286,
1605904235.0590189,0.0,0.0,0.0,1.2702601345526288,1.7420576044026628,
1605904235.264405,0.0,0.0,0.0,1.283821917225741,1.627048102175221,
1605904235.4664364,0.0,0.0,0.0,1.2318304734329986,1.5242584268937998,
1605904235.6717954,0.0,0.0,0.0,1.1125450821868954,1.443290211585167,
1605904235.8731472,0.0,0.0,0.0,1.028528666983181,1.442816713848667,
1605904236.0743644,0.0,0.0,0.0,1.0135217975838688,1.442816713848667,
1605904236.3212903,0.0,0.0,0.0,0.9966736353501634,1.4062574188070989,
1605904236.4895039,0.0,0.0,0.0,1.0071301874905627,1.333357498948717,
1605904236.6902113,0.0,0.0,0.0,0.9894525238002397,1.2955589254246993,
1605904236.891911,0.0,0.0,0.0,1.0080156665932525,1.2986415830123148,
1605904237.0919085,0.0,0.0,0.0,0.9897504170719205,1.3091376063904963,
1605904237.2929015,0.0,0.0,0.0,0.9825055413784718,1.3146495840768553,
1605904237.494901,0.0,0.0,0.0,0.9916540004809049,1.3112223454915712,
1605904237.7002654,0.0,0.0,0.0,0.999192582774634,1.2989958432133835,
1605904237.9080448,0.0,0.0,0.0,1.004161093554042,1.295120500917155,
1605904238.1307592,0.0,0.0,0.0,1.0002061595244771,1.2899210056934156,
1605904238.3156943,0.0,0.0,0.0,0.9745452049452541,1.2751469041242327,
1605904238.5163689,0.0,0.0,0.0,0.9652571816328446,1.2589274469619287,
1605904238.72034,0.0,0.0,0.0,0.973925977155551,1.251300698122353,
1605904238.9257202,0.0,0.0,0.0,0.9906864606953381,1.2440564353419823,
1605904239.1264095,0.0,0.0,0.0,1.0022601812747112,1.2501980356909677,
1605904239.327926,0.0,0.0,0.0,1.00302753725807,1.2538129414395438,
1605904239.5378277,0.0,0.0,0.0,0.9954799106604897,1.266524629619731,
1605904239.7383835,0.0,0.0,0.0,0.9722186356773079,1.2842200027485478,
1605904239.940922,0.0,0.0,0.0,0.9681664844463849,1.2878944863496684,
1605904240.1444259,0.0,0.0,0.0,0.9623921688658009,1.2619849295565704,
1605904240.3484347,0.0,0.0,0.0,0.9606715250758576,1.2196959996177312,
1605904240.5525737,0.0,0.0,0.0,0.9434120114563936,1.171632334982969,
1605904240.7572405,0.0,0.0,0.0,0.9103116157123418,1.1364564439578118,
1605904240.960071,0.0,0.0,0.0,0.868501676563543,1.1387435572969742,
1605904241.1654732,0.0,0.0,0.0,0.8285551667972313,1.1395510607115888,
1605904241.3708103,0.0,0.0,0.0,0.8016317243782081,1.1546063014170977,
1605904241.5777779,0.0,0.0,0.0,0.7526269298949688,1.129570314224301,
1605904241.7811973,0.0,0.0,0.0,0.6949757909174222,1.089574863919152,
1605904241.9828656,0.0,0.0,0.0,0.6594039659896953,1.04607780568623,
1605904242.184326,0.0007944646090469358,1.1607634078286119e-05,7.660948890582407e-06,0.6343148300280443,1.0140802867546848,
1605904242.388663,0.003487869830458435,0.00012123087392279599,-2.6301487537852457e-05,0.6169963739517191,1.008654906658982,
1605904242.5903478,0.01991383091307389,-8.117399157591214e-06,-0.00041929839138208307,0.5702049292671473,0.9709065814298391,
1605904242.7927132,0.04467660822808461,-0.0016169565668853764,-0.0013271562272296647,0.5289569282287608,0.9346500831539777,
1605904242.998119,0.08140089692137277,-0.005058884139636322,-0.0017706264048895372,0.4840031557659671,0.9057960353417689,
1605904243.2091618,0.11889237542941991,-0.007716982102049736,-0.0017315190383029018,0.4463520797133698,0.8964076765873671,
1605904243.4150724,0.15525788041280147,-0.0013600310883091476,-0.004038381260917714,0.41399976338485156,0.9096200965394411,
1605904243.6204815,0.17161090509845534,0.0033979910261145918,-0.004218382332125928,0.4001296566692419,0.930633474334864,
1605904243.8236794,0.17822024746949539,0.01271420944035848,-0.007792315957759125,0.39410947632495236,0.9520588151898257,
1605904244.0290723,0.17481254730407197,0.012165932028702075,-0.010233363964614505,0.3967713207926607,0.9520883420069607,
1605904244.2315402,0.18703597829414878,0.011949108249967522,-0.020041219055902684,0.38560577918382427,0.9271873606759615,
1605904244.436888,0.21012955025217042,0.021538262362795033,-0.02481827531475204,0.36578426331108743,0.9187270131046273,
1605904244.654924,0.251232487081007,0.027825048428436853,-0.04135573083475311,0.32988622672585993,0.9039728796123686,
1605904244.8412166,0.2922545138717926,0.05154400840232167,-0.06575524044283464,0.28799689305464626,0.8951120707922041,
1605904245.0424247,0.3083777816909432,0.07891772262619567,-0.08191321802482275,0.2636103185960537,0.9028915235019278,
1605904245.2432692,0.30487796233282166,0.12064803104792267,-0.10401590042428242,0.24411857331050488,0.9031369054353632,
1605904245.4788404,0.25087981484953353,0.16343485076043351,-0.11873426304931486,0.26154884559127534,0.9295495536965412,
1605904245.6526203,0.19162464551865216,0.16935345466718474,-0.12322233591777025,0.2926950456250339,0.9697039279316637,
1605904245.853186,0.12871087725281788,0.1630356054539021,-0.12072708993040428,0.32661011108323695,1.0198261074377302,
1605904246.0552526,0.06516291838791699,0.1308504564713983,-0.10157311811544478,0.37749944219997544,1.0695047931524877,
1605904246.2579913,0.024475268512188685,0.10261290887062031,-0.06742827325730942,0.428630560443452,1.1314786268967187,
1605904246.4661615,0.002310428170049118,0.07916689099351722,-0.04125145026910463,0.46846799673676087,1.197488732927819,
1605904246.661847,-0.006270642311050779,0.049039367721024706,-0.02287030149924879,0.5112840239308624,1.2453545392149714,
1605904246.8672502,-0.010629089262047477,0.036007537817064415,-0.01554686232293392,0.5315905110166793,1.2578280449314803,
1605904247.1273205,-0.017275514341145916,0.033259343468220105,-0.012128781345989116,0.534587823410916,1.2423000002885676,
1605904247.2743752,-0.031187598784145787,0.03712060933288265,-0.01193865549829567,0.520373777291178,1.193256840710928,
1605904247.4773302,-0.04562856367726098,0.03464111619864219,-0.00980011003553611,0.5104429428772693,1.164717470139597,
1605904247.680108,-0.03229472203149667,0.016997434514951854,-0.0037606297065012418,0.540560709871236,1.1689861316446335,
1605904247.885491,-0.016981799573236308,0.006528089804461747,-0.001385402312892534,0.5736202880272434,1.169166665667197,
1605904248.0887747,-0.0029821980706721553,0.0009328422043145202,-0.00021884463991400877,0.6187168949828247,1.18702263687469,
1605904248.2941742,0.0,0.0,0.0,0.6682084151067076,1.226727472775331,
1605904248.5057433,0.0,0.0,0.0,0.6989710561499134,1.1978653313647267,
1605904248.7110925,0.0,0.0,0.0,0.7202134198105372,1.1646570692859726,
1605904248.9159415,0.0,0.0,0.0,0.7233692469348046,1.152665858875185,
1605904249.1171694,0.0,0.0,0.0,0.7402045679040967,1.1422893557061446,
1605904249.3224857,0.0,0.0,0.0,0.757894155313806,1.1601354573169906,
1605904249.5278802,0.0,0.0,0.0,0.7913192352356015,1.1896812511915051,
1605904249.7296555,0.0,0.0,0.0,0.8270049222437359,1.2371210939611315,
1605904249.9306962,0.0,0.0,0.0,0.8794422844761326,1.2789364725819656,
1605904250.136111,0.0,0.0,0.0,0.9247452744271258,1.3153687408996058,
1605904250.3387861,0.0,0.0,0.0,0.9615446472742446,1.3247767825097347,
1605904250.5433695,0.0,0.0,0.0,0.9640522574324789,1.2980027838727115,
1605904250.758884,0.0,0.0,0.0,0.955691701920252,1.2522426354947758,
1605904251.018971,0.0,0.0,0.0,0.9407944864804294,1.207987292329278,
1605904251.1719193,0.0,0.0,0.0,0.9266409488963095,1.19935321764203,
1605904251.3776822,0.0,0.0,0.0,0.9219336087661821,1.2232652869491583,
1605904251.5784113,0.0,0.0,0.0,0.9343621578377369,1.2609162495289346,
1605904251.779037,0.0,0.0,0.0,0.9423203664632723,1.2848564718808526,
1605904252.0717847,0.0,0.0,0.0,0.9423203664632723,1.2848564718808526,
