1605904224.4650578,0.0,0.0,0.0,1.2596317312794132,1.3338325735409051,
1605904224.6697674,0.0,0.0,0.0,1.2587047682662,1.3343889429596387,
1605904224.8734746,0.0,0.0,0.0,1.2598731905574974,1.3371088593604639,
1605904225.0849888,0.0,0.0,0.0,1.2697764488599754,1.3476805492871975,
1605904225.2960749,0.0,0.0,0.0,1.2819577688324133,1.354022707214652,
1605904225.5020044,0.0,0.0,0.0,1.284852038551006,1.3570085999953447,
1605904225.707436,0.0,0.0,0.0,1.2819761910899778,1.3520822084536541,
1605904225.9185407,0.0,0.0,0.0,1.2668930276017323,1.3429826831858809,
1605904226.135745,0.0,0.0,0.0,1.2556185269187667,1.3331774045972322,
1605904226.369368,0.0,0.0,0.0,1.2561957684402598,1.3250310673648158,
1605904226.5510519,0.0,0.0,0.0,1.254137743335666,1.3192058712672565,
1605904226.7569146,0.0,0.0,0.0,1.2504336696853562,1.3255846139693541,
1605904226.9664688,0.0,0.0,0.0,1.2394009655600315,1.3286445987512912,
1605904227.1622114,0.0,0.0,0.0,1.2207303032348427,1.326853977682614,
1605904227.3663585,0.0,0.0,0.0,1.1931485141747247,1.323347778425167,
1605904227.581439,0.0,0.0,0.0,1.1739792248553769,1.3096624880820409,
1605904227.7734087,0.0,0.0,0.0,1.1506289370334915,1.2912249986506676,
1605904227.9781394,0.0,0.0,0.0,1.1255813203519185,1.269200548820243,
1605904228.2194102,0.0,0.0,0.0,1.087642732508661,1.242118515266188,
1605904228.3849914,0.0,0.0,0.0,1.0509545597192913,1.2204632098276689,
1605904228.5898085,0.0,0.0,0.0,1.0151234143241028,1.191256491188664,
1605904228.7933352,0.0,0.0,0.0,1.0062074655754096,1.175592948550747,
1605904228.9950578,0.0,0.0,0.0,0.9781626822085362,1.1460183036857385,
1605904229.210753,0.0,0.0,0.0,0.9412005558781087,1.1111555620196554,
1605904229.4261699,0.0,0.0,0.0,0.9285327455238013,1.0943169520297986,
1605904229.6212754,0.0,0.0,0.0,0.892496050642483,1.068689244618299,
1605904229.822123,0.0,0.0,0.0,0.8460677441978814,1.0362655335804818,
1605904230.0314894,0.0,0.0,0.0,0.8121349641156494,1.0084658362903853,
1605904230.229795,0.0,0.0,0.0,0.770393665126005,0.9715494411984759,
1605904230.4328275,0.0,0.0,0.0,0.7574203768249687,0.9522095236887979,
1605904230.6507795,0.0,0.0,0.0,0.6699835684487977,0.8754268143484412,
1605904230.8409715,0.001457352981629652,-0.002964887948898705,-0.00018328246254327768,0.6178526928762436,0.8416420518705519,
1605904231.0543296,0.008180495541213558,-0.01627165507781439,-0.0010756544586036387,0.5736591164533429,0.8010241781319755,
1605904231.2589,0.017885529619333082,-0.03341639778894437,-0.0018424611484480578,0.538815622194264,0.7473915645694272,
1605904231.463752,0.029219929854765195,-0.04971341621571823,-0.0010303234348685623,0.5117925555820784,0.7253024760906877,
1605904231.669785,0.04052865703929374,-0.062256940625988376,-0.0022790278211491234,0.49200602424001294,0.6708930301158034,
1605904231.8850183,0.06592377745122861,-0.10096435472205104,-0.00898509460070832,0.44605981193571753,0.5968742561483956,
1605904232.075733,0.11826890476875657,-0.15321825137576478,-0.01565440692335755,0.38236026963604736,0.5662161861496493,
1605904232.2785528,0.16683191654496057,-0.20694240425600108,-0.02651525073191446,0.3215473896094252,0.5143678098869183,
1605904232.4941843,0.12776910464143015,-0.21993634607792834,-0.0335931246788159,0.3370667069894889,0.4611132369988704,
1605904232.6891727,0.08236602470538182,-0.24172221034788924,-0.04901280644883471,0.36231840235784896,0.4082008325700326,
1605904232.8936176,-0.03665428100772651,-0.19710720205188126,-0.04440645588303829,0.5104770993425671,0.38095832112460665,
1605904233.0966032,-0.043912502221557945,-0.2087866558208833,-0.04817799253809863,0.5520337437485394,0.36491507747172985,
1605904233.2981772,-0.018288753698973093,-0.25892628017551866,-0.0660251622010456,0.49398823561378624,0.3339235288997324,
1605904233.5032105,0.08065466571503623,-0.3189158588633017,-0.09648803529195633,0.36819735654658997,0.30833684980154347,
1605904233.705427,0.11871375160514225,-0.32697525944447686,-0.12409650836477142,0.3177864619397711,0.2995073853023187,
1605904233.909919,0.22110940157136755,-0.2330806269221373,-0.176039436235027,0.24236201166118315,0.31726858338366126,
1605904234.1113105,0.1798999192009973,-0.10544107862160224,-0.12647762469794177,0.34555725231915374,0.38179594212775164,
1605904234.3166833,0.050675245172484215,-0.14894172013645407,-0.08326731988317698,0.507840430412735,0.3856501243729261,
1605904234.5169883,0.04108149884963525,-0.15424670454115227,-0.07471720117283702,0.6391810257320908,0.3865598271117645,
1605904234.7216904,0.08873095914057032,-0.12363261240792041,-0.08506901956199528,0.6982351802556983,0.38520843986361447,
1605904234.926895,0.12289316942628181,-0.11044547695151133,-0.09938162787460822,0.6629920346457165,0.36739490916925127,
1605904235.128905,0.15940648970103227,-0.08998813596290135,-0.10380241303291582,0.6503529129610567,0.3532413127572454,
1605904235.3314817,0.19961324842659783,-0.08231887528833265,-0.13093063701060945,0.6650461651576581,0.31456450420743126,
1605904235.5416384,0.1636907918984845,-0.015943283707070155,-0.06514694653271276,0.6862340139934762,0.38832426831767086,
1605904235.7399452,0.04920439177697399,0.0047083426135273426,-0.013966303042823735,0.7142847619213636,0.518016751193905,
1605904235.9438627,0.0,0.0,0.0,0.7491797043871821,0.6776815632743272,
1605904236.1579719,0.0,0.0,0.0,0.7810960701249502,0.8067315445762177,
1605904236.3498,0.0,0.0,0.0,0.79816358345538,0.9566980450605752,
1605904236.5552497,0.0,0.0,0.0,0.8122612622548752,0.9049011234691662,
1605904236.7700777,0.0,0.0,0.0,0.8219663693275087,0.8925838731530776,
1605904236.9757304,0.0,0.0,0.0,0.8291074775155087,0.8757778595881336,
1605904237.177846,0.0,0.0,0.0,0.8215035067860882,0.842890222655435,
1605904237.38702,0.0,0.0,0.0,0.8275565466260371,0.8111237134235072,
1605904237.592865,0.0,0.0,0.0,0.8251025254785452,0.7780415003690034,
1605904237.798269,0.0,0.0,0.0,0.8481930987754802,0.7532894821626774,
1605904238.0257084,0.0,0.0,0.0,0.8418118893529408,0.7416519849933513,
1605904238.2115889,0.0,0.0,0.0,0.8151652076263401,0.7418766222437266,
1605904238.4118888,0.0,0.0,0.0,0.7823474843118142,0.7110143554901921,
1605904238.615598,0.0,0.0,0.0,0.7635031074438349,0.7032009691336172,
1605904238.8187501,0.0,0.0,0.0,0.7760336591155861,0.6873080079761049,
1605904239.021124,0.0,0.0,0.0,0.7950676833354736,0.6955278582486909,
1605904239.2258377,0.0,0.0,0.0,0.811919196515898,0.7071883503160263,
1605904239.4287727,0.0,0.0,0.0,0.8165420177988366,0.7203395408397701,
1605904239.6333077,0.0,0.0,0.0,0.8287243293843819,0.7356907266887319,
1605904239.8421795,0.0,0.0,0.0,0.8416280241558317,0.7262495295984474,
1605904240.0398223,0.0,0.0,0.0,0.8364564493719431,0.7099841841622889,
1605904240.2430432,0.0,0.0,0.0,0.8128912790737445,0.704044911194056,
1605904240.4585278,0.0,0.0,0.0,0.7763527759295845,0.7252943975567849,
1605904240.6638908,0.0,0.0,0.0,0.7495582703709429,0.7720658684805549,
1605904240.863934,0.0,0.0,0.0,0.7498988995011077,0.8235684571812798,
1605904241.0818105,0.0,0.0,0.0,0.8102620615630423,0.8411617045863518,
1605904241.2714531,0.0,0.0,0.0,0.7935829074290804,0.8335015012912197,
1605904241.4768095,0.0,0.0,0.0,0.8065011801354681,0.8366356704197995,
1605904241.7271152,0.0,0.0,0.0,0.7884176780381082,0.8169985712697854,
1605904241.8837178,0.0,0.0,0.0,0.798849032960449,0.8560675562109029,
1605904242.0851166,0.0,0.0,0.0,0.7876347967972035,0.8509325307465809,
1605904242.335464,0.0,0.0,0.0,0.7870814692750558,0.8568595774132706,
1605904242.495545,0.0,0.0,0.0,0.7890343461410496,0.8775330484053881,
1605904242.6967788,0.0,0.0,0.0,0.7955401708356148,0.9136228667314172,
1605904242.9396875,0.0,0.0,0.0,0.8024047952082052,0.9163461796014198,
1605904243.114739,0.0,0.0,0.0,0.8127119493270828,0.9087421349974589,
1605904243.3161573,0.0,0.0,0.0,0.8215333996692441,0.8876054482754897,
1605904243.5303164,0.0,0.0,0.0,0.8252939983178825,0.859270174965009,
1605904243.7243192,0.0,0.0,0.0,0.8396866273502473,0.8555962305123291,
1605904243.9296644,0.0,0.0,0.0,0.8323722927940267,0.8447449689371673,
1605904244.1512003,0.0,0.0,0.0,0.8283652622232841,0.8215582532318234,
1605904244.3407447,0.0,0.0,0.0,0.8198754763974584,0.8001615927750722,
1605904244.5477483,0.0,0.0,0.0,0.814430944541986,0.799991334363321,
1605904244.7647557,0.0,0.0,0.0,0.8110248868654438,0.818245746178232,
1605904244.9546366,0.0,0.0,0.0,0.7996723447049728,0.848214090809873,
1605904245.1599958,0.0,0.0,0.0,0.8013044975603689,0.8761856730638241,
1605904245.3794625,0.0,0.0,0.0,0.8000426437599615,0.8742181428730357,
1605904245.5691183,0.0,0.0,0.0,0.8113698338836941,0.850798653830776,
1605904245.779046,0.0,0.0,0.0,0.8313716803999835,0.8131530957610953,
1605904245.9773922,0.0,0.0,0.0,0.8439707392785802,0.7939642813511599,
1605904246.1827283,0.0,0.0,0.0,0.8522140039007813,0.8005428343189223,
1605904246.3838172,0.0,0.0,0.0,0.7824356187556915,0.8617565487529428,
1605904246.5855184,0.0,0.0,0.0,0.8212962419291404,0.8617565487529428,
1605904246.7870584,0.0,0.0,0.0,0.775933370126376,0.9920050365943137,
1605904246.9890723,0.0,0.0,0.0,0.7655990977463288,1.072776840598838,
1605904247.1978347,0.0,0.0,0.0,0.7182724516447692,1.032764200684497,
1605904247.3951094,0.0,0.0,0.0,0.7913407958265162,1.1890347814444466,
1605904247.5973094,0.0,0.0,0.0,0.7552215854483856,1.1221719550267477,
1605904247.807861,0.0,0.0,0.0,0.8574600004589303,1.2219476558439302,
1605904248.002773,0.0,0.0,0.0,0.8710895879107907,1.2056488919414443,
1605904248.2143426,0.0,0.0,0.0,0.8699844268203204,1.1709032666533363,
1605904248.4194534,0.0,0.0,0.0,0.863708367951442,1.0292944256463914,
1605904248.6230183,0.0,0.0,0.0,0.8325764922638724,1.003712672244203,
1605904248.8293016,0.0,0.0,0.0,0.838423807981968,0.8807905787693076,
1605904249.0618105,0.0,0.0,0.0,0.8396007127872035,0.873952664516665,
1605904249.243754,0.0,0.0,0.0,0.8545945063724192,0.871696807443376,
1605904249.447568,0.0,0.0,0.0,0.8430375441844853,0.8444251628766395,
1605904249.6513286,0.0,0.0,0.0,0.7974532612518362,0.8090605718599185,
1605904249.8567119,0.0,0.0,0.0,0.7784537213113544,0.7934083546221922,
1605904250.0626755,0.0,0.0,0.0,0.7841787974031544,0.798820076233944,
1605904250.2640297,0.0,0.0,0.0,0.7985866171243331,0.7562514853124771,
1605904250.4675362,0.0,0.0,0.0,0.8078610215643888,0.7496165352387631,
1605904250.672307,0.0,0.0,0.0,0.8103450266499375,0.7582535636579326,
1605904250.8979988,0.0,0.0,0.0,0.8146106806774253,0.7711291382147418,
1605904251.0886688,0.0,0.0,0.0,0.8109253430108523,0.7722408745717074,
1605904251.293075,0.0,0.0,0.0,0.8262658505675698,0.7280160446095651,
