1605904224.8832958,0.0,0.0,0.0,1.3371088593604639,1.3926912883575218,
1605904225.1112165,0.0,0.0,0.0,1.3476805492871975,1.3956141840520413,
1605904225.2899253,0.0,0.0,0.0,1.354022707214652,1.3934252777229963,
1605904225.4917812,0.0,0.0,0.0,1.3570085999953447,1.3914439559520257,
1605904225.7355251,0.0,0.0,0.0,1.3520822084536541,1.386419895385325,
1605904225.8943713,0.0,0.0,0.0,1.342569481025492,1.384857778379675,
1605904226.095907,0.0,0.0,0.0,1.3331774045972322,1.3798677190414204,
1605904226.2981355,0.0,0.0,0.0,1.3250310673648158,1.3835473927895552,
1605904226.4991252,0.0,0.0,0.0,1.3192058712672565,1.3819444408482617,
1605904226.7006118,0.0,0.0,0.0,1.3234900111746417,1.3826990531381886,
1605904226.904966,0.0,0.0,0.0,1.3286445987512912,1.3788273017115862,
1605904227.106078,0.0,0.0,0.0,1.3273052361824207,1.3788273017115862,
1605904227.3321977,0.0,0.0,0.0,1.3191760155160028,1.3653232928327894,
1605904227.5152707,0.0,0.0,0.0,1.3096624880820409,1.3584710781004348,
1605904227.7200856,0.0,0.0,0.0,1.2912249986506676,1.3450374978974347,
1605904227.9220145,0.0,0.0,0.0,1.269200548820243,1.3330841132246785,
1605904228.1273625,0.0,0.0,0.0,1.242118515266188,1.3205539922401701,
1605904228.32973,0.0,0.0,0.0,1.2204632098276689,1.3038410656064963,
1605904228.5362084,0.0,0.0,0.0,1.198768410815538,1.2875956373887631,
1605904228.7390459,0.0,0.0,0.0,1.175592948550747,1.2550743893783018,
1605904228.949254,0.0,0.0,0.0,1.1470091979037684,1.2227905559416008,
1605904229.1512618,0.0,0.0,0.0,1.1207375712099579,1.1886229020400418,
1605904229.3570256,0.0,0.0,0.0,1.0943169520297986,1.1665263000841555,
1605904229.5610325,0.0,0.0,0.0,1.068689244618299,1.1403442742613994,
1605904229.7652237,0.0,0.0,0.0,1.039974559275433,1.0938050816636573,
1605904229.9659896,0.0,0.0,0.0,1.014074664831563,1.0751403743909447,
1605904230.1722734,0.0,0.0,0.0,0.9903867241908092,1.0582852531858433,
1605904230.3729522,0.0,0.0,0.0,0.9522095236887979,1.0302803030009127,
1605904230.5785782,0.0,0.0,0.0,0.9115694602940362,0.9786418180085418,
1605904230.7817981,0.0,0.0,0.0,0.8588436083825531,0.8905252619352738,
1605904230.9838247,0.0,0.0,0.0,0.817916592972608,0.8471842232356046,
1605904231.1881468,0.0,0.0,0.0,0.765227115319425,0.8012840069216633,
1605904231.3921263,0.0,0.0,0.0,0.7253024760906877,0.7980324940677925,
1605904231.5942967,0.0,0.0,0.0,0.691854824337021,0.7560974489306037,
1605904231.7963574,1.7518298672403288e-05,1.7523264359309893e-05,2.1057753378021974e-06,0.6472292344026609,0.7190943544956672,
1605904232.0039334,0.006212414352223157,0.006328655910193309,0.0009331918538895795,0.5968742561483956,0.6810508937727612,
1605904232.2093868,0.026737437945620657,0.026538480902375195,0.004600095985839313,0.5389753562798333,0.6396358593575655,
1605904232.414072,0.08044859092904547,0.07358497976595851,0.01710482901405484,0.4611132369988704,0.5971556773992921,
1605904232.6194718,0.12179520072240264,0.12697848967576927,0.032252912728516166,0.4082008325700326,0.5623670186665468,
1605904232.8212383,0.11052474657624194,0.17133996258755235,0.03886607964040411,0.38095832112460665,0.5615021691328557,
1605904233.0254104,0.08948147206918422,0.1966935914098087,0.04529152748332684,0.36491507747172985,0.569800237294119,
1605904233.2263455,0.10691148433093378,0.2294214386066887,0.05731549108288535,0.3339235288997324,0.5615135835246072,
1605904233.4276028,0.16728786219447875,0.25493201636667245,0.0661074397027703,0.30833684980154347,0.5154635759022654,
1605904233.6329482,0.23744268247045772,0.27972420720278723,0.08107217506121776,0.2995073853023187,0.45524536693689455,
1605904233.8390331,0.2113181473147419,0.3029719600149823,0.08308626871561958,0.31726858338366126,0.44108794044980004,
1605904234.0447454,0.10858795801968099,0.2654708951616771,0.07691335411926149,0.3491271239110523,0.48587221343140913,
1605904234.24695,0.013576201789721463,0.18145431932228842,0.06632467503860444,0.3856501243729261,0.5746924898771174,
1605904234.4523044,-0.0407596482155463,0.15439877343853461,0.07461990612430854,0.3865598271117645,0.6652117191351841,
1605904234.655951,-0.10088432247709213,0.1610644010029403,0.10871948430752379,0.3456304054290774,0.7246052025159195,
1605904234.8617935,-0.1377661261665283,0.13952963852287123,0.1430761483201096,0.31789738250418054,0.7192729765619542,
1605904235.067178,-0.1678048948326703,0.11872981106671747,0.16217972431667188,0.29744479205039726,0.734254922400255,
1605904235.270953,-0.19961324842659783,0.08231887528833265,0.13093063701060945,0.31456450420743126,0.749116781567173,
1605904235.476286,-0.1636907918984845,0.015943283707070155,0.06514694653271276,0.38832426831767086,0.7510949591141858,
1605904235.6783264,-0.04920439177697399,-0.0047083426135273426,0.013966303042823735,0.518016751193905,0.7477712673042627,
1605904235.883094,0.0,0.0,0.0,0.6776815632743272,0.7552143139458061,
1605904236.0865564,0.0,0.0,0.0,0.8067315445762177,0.8098627456157524,
1605904236.3439293,0.0,0.0,0.0,0.8830693787004982,0.8843762785698938,
1605904236.497705,0.0,0.0,0.0,0.9049011234691662,0.9753250400561702,
1605904236.7005484,0.0,0.0,0.0,0.8969717708334048,0.9818127096110666,
1605904236.902124,0.0,0.0,0.0,0.8757778595881336,0.9259956532636451,
1605904237.104095,0.0,0.0,0.0,0.842890222655435,0.8140001963692257,
1605904237.309139,0.0,0.0,0.0,0.8089486339178541,0.7484453427533679,
1605904237.5111952,0.0,0.0,0.0,0.7780415003690034,0.7095114564378348,
1605904237.712567,0.0,0.0,0.0,0.7595987830123918,0.7196208141208631,
1605904237.913978,0.0,0.0,0.0,0.7532894821626774,0.7391332899869408,
1605904238.1190736,0.0,0.0,0.0,0.7416519849933513,0.7379751364778432,
1605904238.3421488,0.0,0.0,0.0,0.7302522413875132,0.7311719829131939,
1605904238.5299187,0.0,0.0,0.0,0.7110143554901921,0.7375376274011392,
1605904238.7643025,0.0,0.0,0.0,0.6914752204819774,0.7382584348175775,
1605904238.9378095,0.0,0.0,0.0,0.6899587086592629,0.7432095652613363,
1605904239.1386201,0.0,0.0,0.0,0.6955278582486909,0.7369741512756404,
1605904239.3437002,0.0,0.0,0.0,0.7071883503160263,0.7302358866830052,
1605904239.5540466,0.0,0.0,0.0,0.7203395408397701,0.7222826852512634,
1605904239.778008,0.0,0.0,0.0,0.7356907266887319,0.7384741384657131,
1605904239.9585736,0.0,0.0,0.0,0.7162257300972737,0.7620701959508496,
1605904240.1607397,0.0,0.0,0.0,0.7052271363701099,0.7799591763269238,
1605904240.3741984,0.0,0.0,0.0,0.7060409531092606,0.7806060688134423,
1605904240.5756214,0.0,0.0,0.0,0.7342322323812895,0.7795804698457568,
1605904240.7784054,0.0,0.0,0.0,0.7810576326857042,0.7893390299325872,
1605904240.983783,0.0,0.0,0.0,0.8121303463321697,0.7743965771943263,
1605904241.2042267,0.0,0.0,0.0,0.8147136668203805,0.8029196350933794,
1605904241.4150412,0.0,0.0,0.0,0.8366356704197995,0.823606955516094,
1605904241.6180773,0.0,0.0,0.0,0.8009399208352598,0.8241171419221616,
1605904241.8199072,0.0,0.0,0.0,0.8169985712697854,0.8118758936389624,
1605904242.0217714,0.0,0.0,0.0,0.8509325307465809,0.8105707531309001,
1605904242.227009,0.0,0.0,0.0,0.8568595774132706,0.8232419400804402,
1605904242.432308,0.0,0.0,0.0,0.900896949254756,0.8591963016904526,
1605904242.6346862,0.0,0.0,0.0,0.9136228667314172,0.8567291912836742,
1605904242.836372,0.0,0.0,0.0,0.9163461796014198,0.8524287910152231,
1605904243.0385199,0.0,0.0,0.0,0.9087421349974589,0.8526923212324827,
1605904243.2439728,0.0,0.0,0.0,0.8701065728998028,0.8603747966369535,
1605904243.448127,0.0,0.0,0.0,0.859270174965009,0.8607749450822721,
1605904243.6495922,0.0,0.0,0.0,0.8555962305123291,0.8494240249365871,
1605904243.8513932,0.0,0.0,0.0,0.8447449689371673,0.8382781929487516,
1605904244.0526912,0.0,0.0,0.0,0.8215582532318234,0.8238982949779152,
1605904244.2577195,0.0,0.0,0.0,0.8001615927750722,0.8149269724046404,
1605904244.4631667,0.0,0.0,0.0,0.799991334363321,0.8269309063051261,
1605904244.6664019,0.0,0.0,0.0,0.8262211669527272,0.851084169011061,
1605904244.8672352,0.0,0.0,0.0,0.8540446276718524,0.868492039499431,
1605904245.0726125,0.0,0.0,0.0,0.8842840340410326,0.883553594719202,
1605904245.272841,0.0,0.0,0.0,0.8742181428730357,0.8632517620291065,
1605904245.4782429,0.0,0.0,0.0,0.850798653830776,0.9118016506620715,
1605904245.6817343,0.0,0.0,0.0,0.8131530957610953,0.9320716747473965,
1605904245.8884752,0.0,0.0,0.0,0.8221700273764752,0.9320716747473965,
1605904246.088733,0.0,0.0,0.0,0.8152034613087236,0.95908459009426,
1605904246.290981,0.0,0.0,0.0,0.8266813562117851,0.9957390847096979,
1605904246.495246,0.0,0.0,0.0,0.8617565487529428,1.032736974938871,
1605904246.7000558,0.0,0.0,0.0,0.9139953287507059,1.1404931075565297,
1605904246.9007707,0.0,0.0,0.0,0.9766218634810753,1.1584686348841717,
1605904247.1071844,0.0,0.0,0.0,1.032764200684497,1.1391428499417466,
1605904247.311947,0.0,0.0,0.0,1.087664442148983,1.1117011179550225,
1605904247.5149724,0.0,0.0,0.0,1.1221719550267477,1.0650131240631928,
1605904247.7210276,0.0,0.0,0.0,1.1389240662828075,1.0253774707671057,
1605904247.9268079,0.0,0.0,0.0,1.1439943285645924,1.0105820720305756,
1605904248.1322107,0.0,0.0,0.0,1.116168114347081,1.0172102487486179,
1605904248.3347218,0.0,0.0,0.0,1.0742726165921066,1.023305372310086,
1605904248.537018,0.0,0.0,0.0,0.9651233276863641,0.9509319584167109,
1605904248.739507,0.0,0.0,0.0,0.8857211058289071,0.8281876725689608,
1605904248.944775,0.0,0.0,0.0,0.8405059765315748,0.8176318888911431,
1605904249.1489215,0.0,0.0,0.0,0.8475374278745407,0.8493803627958556,
1605904249.3563178,0.0,0.0,0.0,0.8223649526787149,0.8763229391742898,
1605904249.557162,0.0,0.0,0.0,0.7959293105216205,0.8831492348807403,
1605904249.7680793,0.0,0.0,0.0,0.7678378907189207,0.904583110921264,
1605904249.9733446,0.0,0.0,0.0,0.767565089261869,0.9120060074142234,
1605904250.1787443,0.0,0.0,0.0,0.7245005235045581,0.8478880557476245,
1605904250.38026,0.0,0.0,0.0,0.7294466941604375,0.8120876868517761,
1605904250.5814972,0.0,0.0,0.0,0.7357201532604544,0.7418351799731325,
1605904250.7868004,0.0,0.0,0.0,0.7390105633066834,0.6755774994358291,
1605904250.997265,-0.0005543903137164352,0.0002747419353180521,1.2982041443780037e-05,0.7543941881566977,0.6361621453852581,
1605904251.1997063,-0.00013583965003428303,7.848947174074842e-05,1.9071668061427454e-06,0.7401382288576779,0.6430434553918954,
1605904251.4109187,0.0,0.0,0.0,0.703682252491893,0.6847854023916069,
1605904251.6162744,0.0,0.0,0.0,0.7094029759580839,0.7218124936604046,
1605904251.821507,0.0,0.0,0.0,0.7224150611984091,0.7390317377545152,
