1605904224.487368,0.0,0.0,0.0,1.2618899698943078,1.3907562153192217,
1605904224.696906,0.0,0.0,0.0,1.2605377569264584,1.3926912883575218,
1605904224.9008462,0.0,0.0,0.0,1.262273039517703,1.3893510463330598,
1605904225.11074,0.0,0.0,0.0,1.2697764488599754,1.3956141840520413,
1605904225.3279505,0.0,0.0,0.0,1.2819577688324133,1.3934252777229963,
1605904225.5123196,0.0,0.0,0.0,1.284852038551006,1.3914439559520257,
1605904225.7251499,0.0,0.0,0.0,1.2819761910899778,1.386419895385325,
1605904225.9251046,0.0,0.0,0.0,1.2668930276017323,1.3757655711871841,
1605904226.1294453,0.0,0.0,0.0,1.2556185269187667,1.3798677190414204,
1605904226.3516395,0.0,0.0,0.0,1.2561957684402598,1.3835473927895552,
1605904226.5446687,0.0,0.0,0.0,1.254137743335666,1.3819444408482617,
1605904226.7463932,0.0,0.0,0.0,1.2504336696853562,1.3850374329064545,
1605904226.955173,0.0,0.0,0.0,1.2394009655600315,1.3788273017115862,
1605904227.151991,0.0,0.0,0.0,1.2207303032348427,1.3683275374852242,
1605904227.354902,0.0,0.0,0.0,1.1931485141747247,1.364384011631073,
1605904227.563987,0.0,0.0,0.0,1.1739792248553769,1.3584710781004348,
1605904227.7630193,0.0,0.0,0.0,1.1506289370334915,1.3450374978974347,
1605904227.966589,0.0,0.0,0.0,1.1255813203519185,1.3330841132246785,
1605904228.1910884,0.0,0.0,0.0,1.087642732508661,1.3205539922401701,
1605904228.3748283,0.0,0.0,0.0,1.0509545597192913,1.3038410656064963,
1605904228.579503,0.0,0.0,0.0,1.0252360086561985,1.2875956373887631,
1605904228.7870421,0.0,0.0,0.0,1.0062074655754096,1.2550743893783018,
1605904228.9831233,0.0,0.0,0.0,0.9836454912299936,1.2227905559416008,
1605904229.1892273,0.0,0.0,0.0,0.9551975340398616,1.1886229020400418,
1605904229.3992765,0.0,0.0,0.0,0.9285327455238013,1.1665263000841555,
1605904229.5995271,0.0,0.0,0.0,0.892496050642483,1.1403442742613994,
1605904229.8015516,0.0,0.0,0.0,0.8571967523796579,1.0938050816636573,
1605904230.0025043,0.0,0.0,0.0,0.8243506554245937,1.0751403743909447,
1605904230.2077672,0.0,0.0,0.0,0.7988449263613133,1.0582852531858433,
1605904230.4224162,0.0,0.0,0.0,0.7574203768249687,1.0302803030009127,
1605904230.6351748,0.0,0.0,0.0,0.7072285137177854,0.9439085999706154,
1605904230.8250022,-0.001457352981629652,0.002964887948898705,0.00018328246254327768,0.6178526928762436,0.8905252619352738,
1605904231.0304146,-0.008180495541213558,0.01627165507781439,0.0010756544586036387,0.5736591164533429,0.8471842232356046,
1605904231.253098,-0.0120944337915747,0.023956862077859898,0.0014412680483003072,0.5569210473391817,0.8012840069216633,
1605904231.4380453,-0.029219929854765195,0.04971341621571823,0.0010303234348685623,0.5117925555820784,0.7980324940677925,
1605904231.6455345,-0.04052865703929374,0.062256940625988376,0.0022790278211491234,0.49200602424001294,0.7560974489306037,
1605904231.8509862,-0.07213619180345177,0.09463569881185772,0.008051902746818742,0.44605981193571753,0.6881436181600675,
1605904232.0534418,-0.13393483578361232,0.13824758719404265,0.013199377675295113,0.38236026963604736,0.6810508937727612,
1605904232.2546675,-0.19882495317730706,0.16687215635844085,0.017669383402655003,0.3285074280310258,0.6396358593575655,
1605904232.471508,-0.22671344158214385,0.15311939808373237,0.023564421011133922,0.321129066960596,0.5971556773992921,
1605904232.6662154,-0.20416122542778448,0.11474372067211998,0.016759893720318553,0.36231840235784896,0.5623670186665468,
1605904232.8700554,-0.055816514325932175,0.028989976040314672,0.006687190063715142,0.5104770993425671,0.6066280966546103,
1605904233.0843372,-0.03447038771504245,0.013460799540879623,0.003247574787804654,0.5520337437485394,0.5969551038595858,
1605904233.278035,-0.09289682033564765,0.02702139098173783,0.008187031263257094,0.49398823561378624,0.553376309589187,
1605904233.4813886,-0.273157668362205,0.04751780788955679,0.028470315581972102,0.36819735654658997,0.48231026919208797,
1605904233.687524,-0.44473840542230636,-0.03576787829448457,0.07006894083472326,0.24969914209506724,0.43680498879783514,
1605904233.8838913,-0.43242754888610946,-0.06989133309284498,0.09295316751940742,0.24236201166118315,0.44108794044980004,
1605904234.0844173,-0.22496578307344745,-0.08926703837088439,0.06998553658902945,0.34555725231915374,0.5609753961379038,
1605904234.3012695,-0.053227431029606344,-0.01855804647410884,0.017215898109448072,0.507840430412735,0.6694820951503143,
1605904234.4951491,-0.0003218506340889547,-0.0001520688973823505,9.72950485284784e-05,0.6391810257320908,0.7350711519177223,
1605904234.6994677,0.0,0.0,0.0,0.6982351802556983,0.7501664503469253,
1605904234.9049227,0.0,0.0,0.0,0.6629920346457165,0.734254922400255,
1605904235.1085782,0.0,0.0,0.0,0.6503529129610567,0.7286925755442932,
1605904235.3139277,0.0,0.0,0.0,0.6650461651576581,0.7585695695244522,
1605904235.5165374,0.0,0.0,0.0,0.6862340139934762,0.7583822312419675,
1605904235.720288,0.0,0.0,0.0,0.7142847619213636,0.7453378329220895,
1605904235.92294,0.0,0.0,0.0,0.7491797043871821,0.7552143139458061,
1605904236.1409109,0.0,0.0,0.0,0.7810960701249502,0.8098627456157524,
1605904236.3437693,0.0,0.0,0.0,0.79816358345538,0.9594580978303945,
1605904236.5475097,0.0,0.0,0.0,0.8122612622548752,0.9753250400561702,
1605904236.758894,0.0,0.0,0.0,0.8254752936491658,0.9259956532636451,
1605904236.9572325,0.0,0.0,0.0,0.8291074775155087,0.9097804036645049,
1605904237.1624763,0.0,0.0,0.0,0.8215035067860882,0.8140001963692257,
1605904237.3646526,0.0,0.0,0.0,0.8189117856796977,0.7383736715025894,
1605904237.5655227,0.0,0.0,0.0,0.8251025254785452,0.7095114564378348,
1605904237.7671068,0.0,0.0,0.0,0.837638840172204,0.7319379458257443,
1605904237.9739368,0.0,0.0,0.0,0.8605630705398779,0.7391332899869408,
1605904238.175435,0.0,0.0,0.0,0.8466919490662698,0.7379751364778432,
1605904238.3765743,0.0,0.0,0.0,0.8106260322943573,0.7311719829131939,
1605904238.58251,0.0,0.0,0.0,0.7764411211514956,0.7375376274011392,
1605904238.7931457,0.0,0.0,0.0,0.7642358368201294,0.7382584348175775,
1605904238.998419,0.0,0.0,0.0,0.7950676833354736,0.7432095652613363,
1605904239.209352,0.0,0.0,0.0,0.7909809664711724,0.740176146020295,
1605904239.411822,0.0,0.0,0.0,0.8165420177988366,0.7248265371097385,
1605904239.6171374,0.0,0.0,0.0,0.8241851199605736,0.7148832740920682,
1605904239.8242717,0.0,0.0,0.0,0.8607142372602892,0.7384741384657131,
1605904240.029485,0.0,0.0,0.0,0.8364564493719431,0.7620701959508496,
1605904240.2327466,0.0,0.0,0.0,0.8128912790737445,0.7799591763269238,
1605904240.4483802,0.0,0.0,0.0,0.7763527759295845,0.7806060688134423,
1605904240.6522744,0.0,0.0,0.0,0.7495582703709429,0.7795804698457568,
1605904240.8575122,0.0,0.0,0.0,0.7498988995011077,0.7893390299325872,
1605904241.0759225,0.0,0.0,0.0,0.8102620615630423,0.827969245638467,
1605904241.2651122,0.0,0.0,0.0,0.7935829074290804,0.8029196350933794,
1605904241.467644,0.0,0.0,0.0,0.805351694606361,0.8547182361121562,
1605904241.6794171,0.0,0.0,0.0,0.7884176780381082,0.8118758936389624,
1605904241.8775995,0.0,0.0,0.0,0.798849032960449,0.8118758936389624,
1605904242.0792413,0.0,0.0,0.0,0.7804630673919694,0.8434199961975094,
1605904242.3142579,0.0,0.0,0.0,0.7854821138307524,0.8591963016904526,
1605904242.4853845,0.0,0.0,0.0,0.7890343461410496,0.8567291912836742,
1605904242.6907742,0.0,0.0,0.0,0.7938793197611229,0.8919737796040937,
1605904242.9182243,0.0,0.0,0.0,0.7969264839095528,0.8524287910152231,
1605904243.0988154,0.0,0.0,0.0,0.8127119493270828,0.8860232532411689,
1605904243.3041887,0.0,0.0,0.0,0.8215333996692441,0.8810212008781587,
1605904243.5124419,0.0,0.0,0.0,0.8252939983178825,0.8756023471828169,
1605904243.718587,0.0,0.0,0.0,0.8396866273502473,0.8621045016037816,
1605904243.9212704,0.0,0.0,0.0,0.8323722927940267,0.8495680549422302,
1605904244.157097,0.0,0.0,0.0,0.8283652622232841,0.8378466821006105,
1605904244.3290424,0.0,0.0,0.0,0.8198754763974584,0.8387543456563173,
1605904244.5326064,0.0,0.0,0.0,0.814430944541986,0.851084169011061,
1605904244.7419572,0.0,0.0,0.0,0.8110248868654438,0.868492039499431,
1605904244.9375634,0.0,0.0,0.0,0.7996723447049728,0.883553594719202,
1605904245.1427026,0.0,0.0,0.0,0.8013044975603689,0.8943849499363675,
1605904245.35118,0.0,0.0,0.0,0.8000426437599615,0.8968470297507132,
1605904245.5508723,0.0,0.0,0.0,0.8113698338836941,0.9118016506620715,
1605904245.7516637,0.0,0.0,0.0,0.8313716803999835,0.9320716747473965,
1605904245.9667284,0.0,0.0,0.0,0.8439707392785802,0.95908459009426,
1605904246.1613345,0.0,0.0,0.0,0.8522140039007813,0.9957390847096979,
1605904246.3671048,0.0,0.0,0.0,0.8402321766648304,1.032736974938871,
1605904246.5782166,0.0,0.0,0.0,0.8212962419291404,1.1202335467437985,
1605904246.7767863,0.0,0.0,0.0,0.7887918636605833,1.1404931075565297,
1605904246.9791737,0.0,0.0,0.0,0.7655990977463288,1.1584686348841717,
1605904247.1860235,0.0,0.0,0.0,0.7182724516447692,1.1391428499417466,
1605904247.3845623,0.0,0.0,0.0,0.7208861410726024,1.1117011179550225,
1605904247.585998,0.0,0.0,0.0,0.7552215854483856,1.0650131240631928,
1605904247.7936814,0.0,0.0,0.0,0.8574600004589303,1.0253774707671057,
1605904247.9937754,0.0,0.0,0.0,0.8460980622195609,1.0105820720305756,
1605904248.19684,0.0,0.0,0.0,0.862312919551952,1.0172102487486179,
1605904248.4072647,0.0,0.0,0.0,0.8503296368544084,0.9827553977977301,
1605904248.606669,0.0,0.0,0.0,0.8325764922638724,0.9509319584167109,
1605904248.8074768,0.0,0.0,0.0,0.7814128714325409,0.8081253372290568,
1605904249.0186524,0.0,0.0,0.0,0.8396007127872035,0.8176318888911431,
1605904249.2151074,0.0,0.0,0.0,0.823014260694394,0.8493803627958556,
1605904249.4179575,0.0,0.0,0.0,0.8430375441844853,0.8763229391742898,
1605904249.6277442,0.0,0.0,0.0,0.7974532612518362,0.8831492348807403,
1605904249.824405,0.0,0.0,0.0,0.7784537213113544,0.904583110921264,
1605904250.0278068,0.0,0.0,0.0,0.7841787974031544,0.9120060074142234,
1605904250.245518,0.0,0.0,0.0,0.7985866171243331,0.8478880557476245,
1605904250.4436572,0.0,0.0,0.0,0.8078610215643888,0.8120876868517761,
1605904250.6464112,0.0,0.0,0.0,0.8103450266499375,0.7418351799731325,
1605904250.8552496,0.0,0.0,0.0,0.8146106806774253,0.6755774994358291,
1605904251.0565877,0.0005543903137164352,-0.0002747419353180521,-1.2982041443780037e-05,0.7661224479938812,0.6361621453852581,
1605904251.2641,0.00013583965003428303,-7.848947174074842e-05,-1.9071668061427454e-06,0.795250516844227,0.6430434553918954,
1605904251.4733908,0.0,0.0,0.0,0.788515716148467,0.6847854023916069,
