1605904224.4650428,-0.5694233179092407,-0.9731495380401611,0.4340650141239166
1605904224.6697528,-0.5726704597473145,-0.9711054563522339,0.4371330440044403
1605904224.8734605,-0.5742508172988892,-0.9709450602531433,0.4364250600337982
1605904225.0849783,-0.5755648016929626,-0.9749413728713989,0.43350088596343994
1605904225.2960603,-0.572205662727356,-0.9826667904853821,0.42823168635368347
1605904225.5019908,-0.5672686696052551,-0.9825904369354248,0.43664056062698364
1605904225.7074213,-0.5636223554611206,-0.9781661629676819,0.43449628353118896
1605904225.9185283,-0.5585930347442627,-0.9694607853889465,0.4321039021015167
1605904226.135732,-0.5541927814483643,-0.9595518112182617,0.4279523193836212
1605904226.3693466,-0.5484693050384521,-0.9551855325698853,0.43104371428489685
1605904226.5510378,-0.5485743284225464,-0.9536787271499634,0.43371137976646423
1605904226.7569025,-0.5486626625061035,-0.9549088478088379,0.4327180087566376
1605904226.9664474,-0.5530632138252258,-0.9545710682868958,0.4293787181377411
1605904227.1621974,-0.5561543703079224,-0.949509859085083,0.4276106357574463
1605904227.3663445,-0.5612509846687317,-0.9334565997123718,0.4252574145793915
1605904227.5814228,-0.5620281100273132,-0.9196024537086487,0.42000696063041687
1605904227.7733943,-0.5590528249740601,-0.9046808481216431,0.41455382108688354
1605904227.9781253,-0.5600243210792542,-0.8878399729728699,0.42007172107696533
1605904228.2193882,-0.5598450303077698,-0.8649837970733643,0.4170767664909363
1605904228.3849769,-0.5633302927017212,-0.8424923419952393,0.4159303903579712
1605904228.5897937,-0.562573254108429,-0.8123570680618286,0.42205992341041565
1605904228.79331,-0.562573254108429,-0.8123570680618286,0.42205992341041565
1605904228.9950435,-0.5699809789657593,-0.7996211051940918,0.41597750782966614
1605904229.2107382,-0.5704182386398315,-0.784588098526001,0.4139956533908844
1605904229.4261491,-0.5704182386398315,-0.784588098526001,0.4139956533908844
1605904229.6212482,-0.5745180249214172,-0.7593116760253906,0.41538578271865845
1605904229.822109,-0.5825538635253906,-0.7368113398551941,0.41545021533966064
1605904230.0314674,-0.5854994058609009,-0.7245134115219116,0.4108359217643738
1605904230.2297802,-0.5870237946510315,-0.6938334107398987,0.40840187668800354
1605904230.4328127,-0.5870237946510315,-0.6938334107398987,0.40840187668800354
1605904230.6507504,-0.5984653830528259,-0.6231768727302551,0.40925899147987366
1605904230.8409572,-0.6026237607002258,-0.5928977131843567,0.4044151306152344
1605904231.0543156,-0.6047044992446899,-0.565294086933136,0.4008314311504364
1605904231.258885,-0.6013202667236328,-0.5434609055519104,0.40575864911079407
1605904231.4637463,-0.591200053691864,-0.5229091644287109,0.41491544246673584
1605904231.6697707,-0.5801973938941956,-0.5044904351234436,0.4189535677433014
1605904231.885001,-0.5699565410614014,-0.4785652160644531,0.40779292583465576
1605904232.0757186,-0.5606520175933838,-0.443549245595932,0.4061499834060669
1605904232.2785387,-0.557299017906189,-0.4094146192073822,0.3998444676399231
1605904232.494162,-0.5449798107147217,-0.39114195108413696,0.3915886878967285
1605904232.6891606,-0.5140223503112793,-0.38928598165512085,0.3810543417930603
1605904232.8936026,-0.4709036648273468,-0.40188246965408325,0.37205708026885986
1605904233.0965898,-0.45663246512413025,-0.40879014134407043,0.3704107105731964
1605904233.2981722,-0.481147438287735,-0.39533424377441406,0.3621555268764496
1605904233.5031958,-0.5311257243156433,-0.37367451190948486,0.35981276631355286
1605904233.705412,-0.5761377215385437,-0.3448934257030487,0.35806840658187866
1605904233.9099069,-0.5887861251831055,-0.32579195499420166,0.34131550788879395
1605904234.1113005,-0.5678576231002808,-0.31706225872039795,0.3146194517612457
1605904234.316665,-0.5175912976264954,-0.3105379045009613,0.28247544169425964
1605904234.516983,-0.4635646343231201,-0.2623433470726013,0.2593425214290619
1605904234.7216752,-0.43550339341163635,-0.16506421566009521,0.2629983425140381
1605904234.9268892,-0.4554997384548187,-0.07628199458122253,0.2715233862400055
1605904235.1288993,-0.5013796091079712,-0.003068603342399001,0.2857956290245056
1605904235.3314764,-0.5206096172332764,0.04218937084078789,0.3010624051094055
1605904235.541631,-0.5087642073631287,0.06925858557224274,0.30518820881843567
1605904235.7399387,-0.47504258155822754,0.0873340591788292,0.2996706962585449
1605904235.9438572,-0.43778830766677856,0.11030227690935135,0.2975959777832031
1605904236.1579576,-0.42756494879722595,0.14390221238136292,0.3226531147956848
1605904236.349785,-0.459786593914032,0.1795067936182022,0.3547300398349762
1605904236.5552359,-0.5162553787231445,0.20065705478191376,0.38109588623046875
1605904236.7700598,-0.5589770078659058,0.21169549226760864,0.3962426483631134
1605904236.9757192,-0.5775129199028015,0.21343792974948883,0.40743160247802734
1605904237.1778314,-0.5748748779296875,0.21520346403121948,0.40877848863601685
1605904237.387014,-0.5762213468551636,0.23119096457958221,0.41075757145881653
1605904237.5928497,-0.5762213468551636,0.23119096457958221,0.41075757145881653
1605904237.7982545,-0.5980027914047241,0.2485182285308838,0.41740748286247253
1605904238.0256863,-0.6091344952583313,0.2296910136938095,0.40310800075531006
1605904238.2115743,-0.5953536033630371,0.1982242912054062,0.40716972947120667
1605904238.4118752,-0.5824434161186218,0.16952715814113617,0.4196048378944397
1605904238.6155832,-0.5837841629981995,0.15698009729385376,0.4059102535247803
1605904238.8187356,-0.5952696800231934,0.16866189241409302,0.3937481939792633
1605904239.0211086,-0.6009736657142639,0.1886449009180069,0.38891685009002686
1605904239.2258215,-0.601626455783844,0.20970609784126282,0.40200191736221313
1605904239.428758,-0.5959066152572632,0.22434405982494354,0.4106433093547821
1605904239.6332932,-0.577189564704895,0.2286832481622696,0.4100845158100128
1605904239.8421507,-0.5756281614303589,0.209403395652771,0.41249412298202515
1605904240.039808,-0.5699490904808044,0.18839851021766663,0.41044214367866516
1605904240.2430289,-0.5685693621635437,0.18336345255374908,0.4133041799068451
1605904240.4585142,-0.5515009760856628,0.19194842875003815,0.41842174530029297
1605904240.663885,-0.5172685980796814,0.20848308503627777,0.41543108224868774
1605904240.8639288,-0.473967969417572,0.21874603629112244,0.39947083592414856
1605904241.0817893,-0.43422019481658936,0.20921844244003296,0.39067578315734863
1605904241.271439,-0.4025374948978424,0.19225727021694183,0.3938537836074829
1605904241.476795,-0.35434862971305847,0.18088608980178833,0.39294663071632385
1605904241.7270932,-0.2994749844074249,0.1781245619058609,0.38878700137138367
1605904241.883704,-0.25985413789749146,0.18659062683582306,0.38766080141067505
1605904242.0851026,-0.2323247790336609,0.19064714014530182,0.3866102993488312
1605904242.3354313,-0.20455032587051392,0.19670887291431427,0.4054354429244995
1605904242.4955282,-0.15977142751216888,0.2059790939092636,0.4137842059135437
1605904242.6967647,-0.12187840789556503,0.2115705907344818,0.41967445611953735
1605904242.939664,-0.08491107076406479,0.21418382227420807,0.41127824783325195
1605904243.114724,-0.053174786269664764,0.21535992622375488,0.4029254913330078
1605904243.3161418,-0.030445335432887077,0.21039585769176483,0.40540027618408203
1605904243.530295,-0.02178306132555008,0.19990339875221252,0.4093362092971802
1605904243.724304,-0.0017835841281339526,0.19916130602359772,0.41605570912361145
1605904243.9296496,0.010606123134493828,0.1880190670490265,0.4275379776954651
1605904244.1511786,0.012687132693827152,0.18741866946220398,0.4362597167491913
1605904244.3407297,0.018810763955116272,0.17700515687465668,0.4446411728858948
1605904244.547734,0.04028604179620743,0.16449594497680664,0.4468253254890442
1605904244.7647345,0.07450629770755768,0.15470005571842194,0.462885320186615
1605904244.954622,0.12153054028749466,0.13771145045757294,0.4853872060775757
1605904245.1599803,0.16366979479789734,0.13166241347789764,0.4916680157184601
1605904245.3794446,0.19616812467575073,0.11074995994567871,0.5012162327766418
1605904245.5691037,0.21603906154632568,0.07903978228569031,0.5215738415718079
1605904245.7738214,0.2256181389093399,0.04329009726643562,0.5597842931747437
1605904245.9773767,0.24546867609024048,-0.0023345237132161856,0.6032822728157043
1605904246.1827135,0.2765834927558899,-0.060553938150405884,0.6517868041992188
1605904246.3838024,0.38030871748924255,-0.19288498163223267,0.6677390336990356
1605904246.5854967,0.38030871748924255,-0.19288498163223267,0.6677390336990356
1605904246.7870433,0.5343400239944458,-0.24248355627059937,0.6587767004966736
1605904246.989052,0.6309147477149963,-0.23243595659732819,0.6142265200614929
1605904247.1978137,0.6309147477149963,-0.23243595659732819,0.6142265200614929
1605904247.395095,0.7949461340904236,-0.11204484850168228,0.5092836618423462
1605904247.597295,0.7949461340904236,-0.11204484850168228,0.5092836618423462
1605904247.8078277,0.9273620247840881,0.021357860416173935,0.46372827887535095
1605904248.0027585,0.9850162267684937,0.04539501667022705,0.4588988721370697
1605904248.2143276,1.0431541204452515,0.052837010473012924,0.44545310735702515
1605904248.4194348,1.0862843990325928,0.0665653795003891,0.43021124601364136
1605904248.6230035,1.1171756982803345,0.08962687104940414,0.417031854391098
1605904248.8292868,1.132544994354248,0.14689865708351135,0.40407463908195496
1605904249.0617878,1.1465842723846436,0.18669775128364563,0.4007146656513214
1605904249.2437391,1.1548082828521729,0.2186753749847412,0.40442949533462524
1605904249.4475536,1.1837667226791382,0.21312373876571655,0.4073393940925598
1605904249.6513226,1.226325511932373,0.15970228612422943,0.42024290561676025
1605904249.8566985,1.2790443897247314,0.09728814661502838,0.4470801055431366
1605904250.062661,1.322177767753601,0.06496050208806992,0.4726898670196533
1605904250.2640116,1.3575074672698975,0.06183945760130882,0.4901200234889984
1605904250.467522,1.3684492111206055,0.08524281531572342,0.49524766206741333
1605904250.6722913,1.365480661392212,0.1322242170572281,0.49244892597198486
1605904250.8979769,1.3545653820037842,0.19784386456012726,0.4765474796295166
1605904251.088654,1.3379898071289062,0.242693230509758,0.45388615131378174
1605904251.2930605,1.3313030004501343,0.23163138329982758,0.4331435561180115
