1605904224.4873495,-1.0085532665252686,0.20832347869873047,0.49450254440307617
1605904224.6968913,-1.0093426704406738,0.20999321341514587,0.49439340829849243
1605904224.9008317,-1.0051754713058472,0.21414399147033691,0.49300339818000793
1605904225.1107168,-1.0000773668289185,0.22045889496803284,0.4895322322845459
1605904225.3279355,-0.9952737092971802,0.22581858932971954,0.4914158284664154
1605904225.5123048,-0.9898813962936401,0.229633167386055,0.48914939165115356
1605904225.7251265,-0.9898813962936401,0.229633167386055,0.48914939165115356
1605904225.9250903,-0.985650897026062,0.22197876870632172,0.487883061170578
1605904226.1294305,-0.9908537864685059,0.21607646346092224,0.4896225035190582
1605904226.3516073,-0.9982888102531433,0.21658998727798462,0.4823501706123352
1605904226.5446632,-1.001909852027893,0.21463677287101746,0.4825711250305176
1605904226.7463856,-1.0017122030258179,0.20964616537094116,0.4790008068084717
1605904226.955152,-0.9966007471084595,0.20171166956424713,0.4783627986907959
1605904227.1519766,-0.9897318482398987,0.1905742883682251,0.47661247849464417
1605904227.3548973,-0.9882132411003113,0.17949488759040833,0.4766927659511566
1605904227.5639808,-0.9908101558685303,0.1717802882194519,0.47707611322402954
1605904227.763007,-0.9880319237709045,0.16135312616825104,0.4736761450767517
1605904227.9665837,-0.9869091510772705,0.1525266170501709,0.468445360660553
1605904228.19108,-0.979840099811554,0.13682901859283447,0.471316397190094
1605904228.3748143,-0.9650248289108276,0.12716034054756165,0.46997353434562683
1605904228.5794895,-0.9549227356910706,0.12259839475154877,0.47100594639778137
1605904228.7870207,-0.94161456823349,0.11859427392482758,0.4680027663707733
1605904228.9831085,-0.9346765875816345,0.1069093644618988,0.46071958541870117
1605904229.1892133,-0.9278300404548645,0.08526641875505447,0.45231547951698303
1605904229.3992548,-0.9256155490875244,0.07231613248586655,0.45550552010536194
1605904229.599513,-0.9207616448402405,0.061872467398643494,0.4635641872882843
1605904229.8015373,-0.9079643487930298,0.042879749089479446,0.4603996276855469
1605904230.0024893,-0.9048908352851868,0.020885661244392395,0.45479655265808105
1605904230.2077527,-0.9071708917617798,0.0056759812869131565,0.449618935585022
1605904230.422402,-0.9093602895736694,-0.009847002103924751,0.45253127813339233
1605904230.6351523,-0.8958021402359009,-0.02445061504840851,0.4539322853088379
1605904230.8249874,-0.8744329214096069,-0.039920009672641754,0.4499935209751129
1605904231.0303984,-0.861582338809967,-0.05434367060661316,0.44586730003356934
1605904231.253077,-0.8550501465797424,-0.06940513104200363,0.4406089782714844
1605904231.4380305,-0.8504622578620911,-0.08181262761354446,0.42710456252098083
1605904231.64552,-0.8483976125717163,-0.09250231832265854,0.43906232714653015
1605904231.8509712,-0.8392719626426697,-0.1252494603395462,0.4478745460510254
1605904232.0534277,-0.8255990147590637,-0.1700708568096161,0.4409642815589905
1605904232.2546625,-0.8076705932617188,-0.19883094727993011,0.42960554361343384
1605904232.4714856,-0.8048059940338135,-0.20638711750507355,0.43005794286727905
1605904232.6662016,-0.814397394657135,-0.19095128774642944,0.42244040966033936
1605904232.870041,-0.9042737483978271,-0.14396987855434418,0.45116671919822693
1605904233.084317,-0.9320300221443176,-0.14136017858982086,0.4553791284561157
1605904233.2780204,-0.9188416004180908,-0.1811511516571045,0.44323450326919556
1605904233.4813745,-0.86951744556427,-0.2480906993150711,0.43253856897354126
1605904233.6875026,-0.8139757513999939,-0.32293927669525146,0.43087464570999146
1605904233.8838756,-0.8139757513999939,-0.32293927669525146,0.43087464570999146
1605904234.084403,-0.8685654997825623,-0.4200826585292816,0.45016053318977356
1605904234.301249,-0.9617106318473816,-0.4653826355934143,0.4740035831928253
1605904234.4951348,-1.0065511465072632,-0.518895149230957,0.47820138931274414
1605904234.699454,-0.9644737839698792,-0.5769738554954529,0.4580704867839813
1605904234.9049072,-0.8339101076126099,-0.5966857671737671,0.43134811520576477
1605904235.108564,-0.7009470462799072,-0.6078439950942993,0.4176230728626251
1605904235.3139164,-0.6136597394943237,-0.6065357327461243,0.4141279458999634
1605904235.5165255,-0.587862491607666,-0.6045728921890259,0.4082014262676239
1605904235.7202733,-0.5990485548973083,-0.6078975200653076,0.40680748224258423
1605904235.9229257,-0.6144286394119263,-0.6099720597267151,0.4037717878818512
1605904236.1408894,-0.6088086366653442,-0.6119300127029419,0.39997997879981995
1605904236.343758,-0.5806902647018433,-0.6087567210197449,0.38771548867225647
1605904236.5474916,-0.5614603757858276,-0.6102601289749146,0.39285120368003845
1605904236.758888,-0.5625479817390442,-0.6137679219245911,0.3988618850708008
1605904236.957227,-0.5820149183273315,-0.615645170211792,0.4029422104358673
1605904237.1624708,-0.6017751693725586,-0.605806827545166,0.39947864413261414
1605904237.3646472,-0.6074428558349609,-0.5957584381103516,0.40530407428741455
1605904237.5655084,-0.601676881313324,-0.5935180187225342,0.4118916690349579
1605904237.7671018,-0.5940886735916138,-0.599635660648346,0.41025257110595703
1605904237.9739304,-0.5935965180397034,-0.6119690537452698,0.40687087178230286
1605904238.17542,-0.5983176231384277,-0.6169308423995972,0.40440595149993896
1605904238.3765645,-0.5972131490707397,-0.6123209595680237,0.39587801694869995
1605904238.5824962,-0.5876443386077881,-0.6063656210899353,0.39089664816856384
1605904238.7931404,-0.5823445916175842,-0.6072350144386292,0.40046921372413635
1605904238.9984143,-0.5784407258033752,-0.6058915257453918,0.4072677195072174
1605904239.2093434,-0.5832606554031372,-0.6020040512084961,0.403455525636673
1605904239.4118001,-0.5882837176322937,-0.5920351147651672,0.39622798562049866
1605904239.6171231,-0.5964033603668213,-0.5993078351020813,0.3810051381587982
1605904239.8242507,-0.5906581282615662,-0.6306765079498291,0.3637336194515228
1605904240.0294707,-0.5812272429466248,-0.6468673348426819,0.36727777123451233
1605904240.2327325,-0.5626645088195801,-0.6293754577636719,0.3987155556678772
1605904240.4483645,-0.5461155772209167,-0.5843735933303833,0.4140918254852295
1605904240.6522603,-0.5217341780662537,-0.5410474538803101,0.4107802212238312
1605904240.8575058,-0.4912240207195282,-0.5309536457061768,0.39848342537879944
1605904241.0758998,-0.42637935280799866,-0.6009228825569153,0.40225866436958313
1605904241.2650976,-0.42637935280799866,-0.6009228825569153,0.40225866436958313
1605904241.4676297,-0.3516947031021118,-0.624340832233429,0.40687188506126404
1605904241.679396,-0.31884315609931946,-0.6098822355270386,0.40529748797416687
1605904241.8775847,-0.31884315609931946,-0.6098822355270386,0.40529748797416687
1605904242.0792267,-0.2343551367521286,-0.5897541046142578,0.39622145891189575
1605904242.3142352,-0.19335223734378815,-0.5886189937591553,0.39462360739707947
1605904242.4853678,-0.15626515448093414,-0.5827564597129822,0.39235684275627136
1605904242.6907594,-0.11697599291801453,-0.5819686055183411,0.39696136116981506
1605904242.918202,-0.11697599291801453,-0.5819686055183411,0.39696136116981506
1605904243.0988007,-0.042692117393016815,-0.5972498059272766,0.41042545437812805
1605904243.3041735,-0.02657061070203781,-0.6110541820526123,0.4164431691169739
1605904243.5124187,-0.017671359702944756,-0.6251898407936096,0.42706820368766785
1605904243.7185717,-0.011998454108834267,-0.6402105093002319,0.43665289878845215
1605904243.9212558,-0.0014535461086779833,-0.6441147327423096,0.4433979094028473
1605904244.1570752,0.016527296975255013,-0.6408284902572632,0.4497097432613373
1605904244.3290284,0.04295382648706436,-0.6423690915107727,0.4600927233695984
1605904244.5325918,0.06688354164361954,-0.6493664979934692,0.4615989625453949
1605904244.7419422,0.0950312539935112,-0.6560646891593933,0.46367383003234863
1605904244.9375577,0.12392696738243103,-0.6618614792823792,0.4730079472064972
1605904245.1426966,0.15117380023002625,-0.6695227026939392,0.4857386350631714
1605904245.3511732,0.17789219319820404,-0.6890838146209717,0.5016102194786072
1605904245.550863,0.2045622617006302,-0.7321715354919434,0.5327759981155396
1605904245.751056,0.2238977700471878,-0.7878767251968384,0.5781588554382324
1605904245.9667087,0.2449602484703064,-0.8460750579833984,0.6229866147041321
1605904246.1613197,0.2828710079193115,-0.9127401113510132,0.654597818851471
1605904246.367091,0.3411528170108795,-0.97434002161026,0.6683164834976196
1605904246.5781949,0.42106595635414124,-1.0130894184112549,0.6791865825653076
1605904246.776772,0.5113696455955505,-1.0177555084228516,0.681100606918335
1605904246.979159,0.6179726719856262,-0.9975064992904663,0.6395552754402161
1605904247.1860003,0.7114969491958618,-0.9450910091400146,0.5749251246452332
1605904247.3845472,0.7806955575942993,-0.9029394388198853,0.531709611415863
1605904247.585984,0.8312966227531433,-0.8663118481636047,0.4983484745025635
1605904247.793667,0.881559431552887,-0.8348491191864014,0.47075557708740234
1605904247.9937701,0.9409492611885071,-0.8245545625686646,0.45234888792037964
1605904248.1968348,1.0084946155548096,-0.8164535760879517,0.44310837984085083
1605904248.4072433,1.0710618495941162,-0.7969865202903748,0.43641892075538635
1605904248.606656,1.109667420387268,-0.7429120540618896,0.4195176959037781
1605904248.8074625,1.1335145235061646,-0.6915239691734314,0.4050952196121216
1605904249.0186305,1.1567151546478271,-0.6528415679931641,0.40138810873031616
1605904249.215093,1.1898216009140015,-0.6351739168167114,0.39755746722221375
1605904249.417945,1.2222352027893066,-0.6290122270584106,0.40105512738227844
1605904249.6277215,1.2516855001449585,-0.6373404860496521,0.41686737537384033
1605904249.8243897,1.2798744440078735,-0.6810417175292969,0.4332190155982971
1605904250.027792,1.3021273612976074,-0.7188224196434021,0.45790138840675354
1605904250.2454965,1.3342167139053345,-0.7363306879997253,0.47905004024505615
1605904250.4436429,1.3598021268844604,-0.722567617893219,0.49260908365249634
1605904250.646406,1.3665649890899658,-0.6781187653541565,0.49391087889671326
1605904250.8552284,1.3605772256851196,-0.6166989803314209,0.48517143726348877
1605904251.056573,1.3453786373138428,-0.5681288838386536,0.4645076394081116
1605904251.2640855,1.3352912664413452,-0.5635887384414673,0.4388388395309448
1605904251.4733694,1.333182692527771,-0.5944409370422363,0.41536030173301697
