1605904224.883282,0.36234617233276367,-0.0237848162651062,0.5527592897415161
1605904225.1112013,0.3722470700740814,-0.02468765340745449,0.5556212663650513
1605904225.2899168,0.37445589900016785,-0.022608865052461624,0.5527232885360718
1605904225.4917665,0.37853720784187317,-0.015754058957099915,0.5468721389770508
1605904225.7355192,0.37431949377059937,-0.010795663110911846,0.5466822981834412
1605904225.894366,0.37431949377059937,-0.010795663110911846,0.5466822981834412
1605904226.0959017,0.3701494336128235,-0.005490885581821203,0.5407406687736511
1605904226.2981222,0.36649301648139954,-0.003012960311025381,0.5402163863182068
1605904226.499111,0.36123359203338623,-0.004580852575600147,0.5421867370605469
1605904226.700597,0.3634350895881653,-0.0017499933019280434,0.5385088324546814
1605904226.9049506,0.36605459451675415,-0.001000210759229958,0.5353105068206787
1605904227.1060627,0.36605459451675415,-0.001000210759229958,0.5353105068206787
1605904227.3321757,0.3639989197254181,0.00028789255884476006,0.5359786748886108
1605904227.5152564,0.35675308108329773,0.007504786364734173,0.5273807048797607
1605904227.7200704,0.3470129370689392,0.007920719683170319,0.5305935144424438
1605904227.9220002,0.33647504448890686,0.003931916318833828,0.5291671752929688
1605904228.127348,0.3317781686782837,-0.006921488791704178,0.5247594118118286
1605904228.3297157,0.32997003197669983,-0.017043761909008026,0.51682448387146
1605904228.5361938,0.32370519638061523,-0.022024156525731087,0.5168039202690125
1605904228.7390318,0.3044514060020447,-0.02392376773059368,0.5151187777519226
1605904228.9492402,0.27864551544189453,-0.03559765964746475,0.5132359266281128
1605904229.1512475,0.2522261440753937,-0.044097136706113815,0.5119550228118896
1605904229.3570116,0.2332635521888733,-0.04839219152927399,0.5121830105781555
1605904229.5610187,0.21332426369190216,-0.0445004478096962,0.5175921320915222
1605904229.765212,0.18127065896987915,-0.043095096945762634,0.5112423300743103
1605904229.965975,0.1665027141571045,-0.058149226009845734,0.4971778392791748
1605904230.172259,0.1480078250169754,-0.0639171302318573,0.4911201596260071
1605904230.3729384,0.1188923642039299,-0.06037895753979683,0.4927867650985718
1605904230.578564,0.0816648080945015,-0.04988618195056915,0.49456730484962463
1605904230.7817829,0.015199001878499985,-0.027486983686685562,0.48788419365882874
1605904230.98381,-0.015629911795258522,-0.028868867084383965,0.4837702512741089
1605904231.1881325,-0.0552428774535656,-0.03831162676215172,0.47799327969551086
1605904231.3921118,-0.0552428774535656,-0.03831162676215172,0.47799327969551086
1605904231.594286,-0.09490589797496796,-0.04534759372472763,0.4804147183895111
1605904231.7963445,-0.12551183998584747,-0.04967599734663963,0.491827130317688
1605904232.0039275,-0.15588830411434174,-0.05674927681684494,0.49072474241256714
1605904232.2093716,-0.18499551713466644,-0.06692706793546677,0.49293917417526245
1605904232.414058,-0.22573238611221313,-0.07300349324941635,0.4890280067920685
1605904232.619458,-0.26612839102745056,-0.0813649445772171,0.4828440248966217
1605904232.8212235,-0.3018947243690491,-0.0747985765337944,0.4699414372444153
1605904233.0253956,-0.3385988175868988,-0.07868995517492294,0.47172674536705017
1605904233.2263315,-0.3724002540111542,-0.09593544900417328,0.4623520076274872
1605904233.427589,-0.4088967442512512,-0.10667994618415833,0.4538637697696686
1605904233.6329331,-0.44053182005882263,-0.09832163900136948,0.4606260359287262
1605904233.8390188,-0.46019506454467773,-0.06111111119389534,0.45992302894592285
1605904234.0447307,-0.48462069034576416,-0.01122775487601757,0.4609977900981903
1605904234.246935,-0.5123907327651978,0.030774777755141258,0.46193191409111023
1605904234.4522896,-0.5473079681396484,0.05487892031669617,0.4637577533721924
1605904234.6559367,-0.581382691860199,0.06783581525087357,0.47261032462120056
1605904234.8617795,-0.6155885457992554,0.08585607260465622,0.4932023584842682
1605904235.0671644,-0.6686733961105347,0.11529957503080368,0.5013766288757324
1605904235.2709386,-0.7467496991157532,0.135447695851326,0.498835951089859
1605904235.476272,-0.8505221009254456,0.10254538804292679,0.4865421950817108
1605904235.6783118,-0.9575953483581543,0.04115883633494377,0.48229607939720154
1605904235.8830786,-1.0708832740783691,-0.016607947647571564,0.5033552050590515
1605904236.0865421,-1.181418776512146,-0.054310161620378494,0.5305762887001038
1605904236.3439145,-1.2860400676727295,-0.06333121657371521,0.550041139125824
1605904236.4976945,-1.3650368452072144,-0.07501647621393204,0.5308295488357544
1605904236.7005324,-1.3932279348373413,-0.10024811327457428,0.5024261474609375
1605904236.9021122,-1.3674014806747437,-0.16053077578544617,0.46409136056900024
1605904237.1040807,-1.3071510791778564,-0.20127102732658386,0.4367872476577759
1605904237.309124,-1.2463412284851074,-0.2257862389087677,0.41648977994918823
1605904237.5111794,-1.2072659730911255,-0.22389180958271027,0.40519657731056213
1605904237.7125423,-1.1975467205047607,-0.2077874392271042,0.39810872077941895
1605904237.9139636,-1.2050238847732544,-0.1968904733657837,0.3932926654815674
1605904238.1190581,-1.2102994918823242,-0.20459404587745667,0.3964146673679352
1605904238.3421233,-1.204180359840393,-0.2046736180782318,0.3906897008419037
1605904238.5298927,-1.1957836151123047,-0.18908047676086426,0.39211341738700867
1605904238.7642972,-1.1861275434494019,-0.1824457347393036,0.3953965902328491
1605904238.937804,-1.1891462802886963,-0.1825554072856903,0.39364001154899597
1605904239.1386151,-1.1891462802886963,-0.1825554072856903,0.39364001154899597
1605904239.343686,-1.1912699937820435,-0.18032078444957733,0.3842567205429077
1605904239.5540302,-1.1881208419799805,-0.18519116938114166,0.3893769085407257
1605904239.7779927,-1.1821383237838745,-0.18976910412311554,0.39683789014816284
1605904239.958559,-1.1793694496154785,-0.17562885582447052,0.39746353030204773
1605904240.1607249,-1.1840392351150513,-0.15798300504684448,0.3943656384944916
1605904240.3741844,-1.1922829151153564,-0.1469019204378128,0.3933038115501404
1605904240.5756068,-1.1981831789016724,-0.1542959064245224,0.3865790069103241
1605904240.778391,-1.1964670419692993,-0.176484152674675,0.3921775817871094
1605904240.983768,-1.1596590280532837,-0.21643219888210297,0.40130800008773804
1605904241.2042122,-1.130107045173645,-0.21434299647808075,0.4004511535167694
1605904241.4150264,-1.0965375900268555,-0.20525658130645752,0.39588427543640137
1605904241.6180623,-1.0585319995880127,-0.20068664848804474,0.39867234230041504
1605904241.8199012,-1.0217243432998657,-0.20358246564865112,0.4007148742675781
1605904242.0217562,-0.985164225101471,-0.20559468865394592,0.4042555093765259
1605904242.226995,-0.9617526531219482,-0.2043558806180954,0.40562114119529724
1605904242.4322934,-0.9617526531219482,-0.2043558806180954,0.40562114119529724
1605904242.6346612,-0.9298118352890015,-0.21480543911457062,0.4072728157043457
1605904242.836356,-0.8901399970054626,-0.22317875921726227,0.4080118238925934
1605904243.0385044,-0.8473182320594788,-0.22629205882549286,0.4125160872936249
1605904243.2439573,-0.8115606307983398,-0.21113556623458862,0.4090861678123474
1605904243.4481008,-0.7825246453285217,-0.1995813101530075,0.4039100408554077
1605904243.6495774,-0.7557575106620789,-0.2051977515220642,0.40818294882774353
1605904243.851379,-0.732742428779602,-0.2129194736480713,0.41094642877578735
1605904244.0526764,-0.703652024269104,-0.21419773995876312,0.41344666481018066
1605904244.2577114,-0.6780814528465271,-0.21554438769817352,0.4221763610839844
1605904244.4631538,-0.6642135977745056,-0.21439218521118164,0.4363287687301636
1605904244.666387,-0.6642135977745056,-0.21439218521118164,0.4363287687301636
1605904244.8672209,-0.6540483236312866,-0.21714042127132416,0.4412306547164917
1605904245.0725987,-0.6437838077545166,-0.2255391776561737,0.4428422451019287
1605904245.272827,-0.6003873348236084,-0.2461453676223755,0.45240551233291626
1605904245.4782279,-0.5667280554771423,-0.2501066327095032,0.4686906933784485
1605904245.6817198,-0.5293855667114258,-0.24785840511322021,0.47965994477272034
1605904245.8828495,-0.5293855667114258,-0.24785840511322021,0.47965994477272034
1605904246.0887184,-0.49934712052345276,-0.2549864649772644,0.4946742355823517
1605904246.2909665,-0.4794382154941559,-0.2869734764099121,0.517495334148407
1605904246.4952326,-0.46332818269729614,-0.33514314889907837,0.5644736289978027
1605904246.7000415,-0.44404900074005127,-0.3989671766757965,0.6103847026824951
1605904246.9007556,-0.414542019367218,-0.47221869230270386,0.6335794925689697
1605904247.1071699,-0.3524937033653259,-0.54559326171875,0.6522030234336853
1605904247.3119419,-0.27893683314323425,-0.5965110659599304,0.6701300740242004
1605904247.514962,-0.19015531241893768,-0.6229020953178406,0.6762264966964722
1605904247.7210164,-0.1001066267490387,-0.6093745827674866,0.6628283262252808
1605904247.9267979,-0.02721671387553215,-0.5891384482383728,0.6211979985237122
1605904248.132197,0.03804415836930275,-0.5361771583557129,0.5630572438240051
1605904248.334716,0.10571947693824768,-0.46701955795288086,0.5163550972938538
1605904248.537004,0.23162852227687836,-0.38051292300224304,0.4640839695930481
1605904248.739493,0.3667563796043396,-0.38035979866981506,0.4390603303909302
1605904248.9447608,0.41993069648742676,-0.2986302077770233,0.4157017469406128
1605904249.1489067,0.427200585603714,-0.2613534927368164,0.4082569181919098
1605904249.3563087,0.4527927041053772,-0.2096407264471054,0.40631625056266785
1605904249.5571475,0.49389928579330444,-0.18384024500846863,0.40978530049324036
1605904249.7680645,0.5333929061889648,-0.17080962657928467,0.40677791833877563
1605904249.9733293,0.5656304359436035,-0.18322739005088806,0.4082506000995636
1605904250.1787298,0.6582161784172058,-0.22479262948036194,0.4627330005168915
1605904250.3802454,0.6986438035964966,-0.25111711025238037,0.48309585452079773
1605904250.5814826,0.7350460886955261,-0.28897204995155334,0.5021659731864929
1605904250.7867863,0.765038013458252,-0.2983928620815277,0.505646288394928
1605904250.997251,0.775595486164093,-0.2857586443424225,0.4822976291179657
1605904251.1996915,0.7785832285881042,-0.2419174164533615,0.44926029443740845
1605904251.4109046,0.7647250294685364,-0.21266771852970123,0.4213721454143524
1605904251.61626,0.7548017501831055,-0.20786850154399872,0.4008369743824005
1605904251.8214927,0.7478218078613281,-0.22058449685573578,0.3998323976993561
