1605904225.0422297,1.6199383735656738,-0.03948916494846344,0.6076523661613464
1605904225.2476022,1.6184139251708984,-0.04115641489624977,0.6074947118759155
1605904225.452048,1.6153979301452637,-0.04288763180375099,0.6096275448799133
1605904225.656081,1.6118924617767334,-0.040944941341876984,0.6041446924209595
1605904225.8580267,1.6109211444854736,-0.038605425506830215,0.6018911600112915
1605904226.0600684,1.60958731174469,-0.03334548696875572,0.5982105731964111
1605904226.2642965,1.6118357181549072,-0.03318203613162041,0.5968335270881653
1605904226.465495,1.6139565706253052,-0.03144336864352226,0.5952415466308594
1605904226.6675532,1.619996190071106,-0.030914628878235817,0.5896677374839783
1605904226.8718157,1.6126070022583008,-0.03011433780193329,0.5878154039382935
1605904227.0748851,1.6010197401046753,-0.024204431101679802,0.5829319953918457
1605904227.2804532,1.5937095880508423,-0.015292024239897728,0.5844067335128784
1605904227.4809573,1.5840733051300049,-0.015355129726231098,0.5840715169906616
1605904227.686954,1.572059154510498,-0.006989660672843456,0.5760767459869385
1605904227.8912714,1.556437373161316,-0.006085759028792381,0.575388491153717
1605904228.1202853,1.5436468124389648,-0.009968534111976624,0.5690215826034546
1605904228.2965937,1.5267038345336914,-0.011730874888598919,0.5714749693870544
1605904228.5292828,1.5267038345336914,-0.011730874888598919,0.5714749693870544
1605904228.7065113,1.5263921022415161,-0.01479326467961073,0.5696394443511963
1605904228.9273674,1.5179638862609863,-0.011240540072321892,0.5618089437484741
1605904229.1323812,1.5179638862609863,-0.011240540072321892,0.5618089437484741
1605904229.3332026,1.5217785835266113,-0.006118310149759054,0.560033917427063
1605904229.5390098,1.5275635719299316,-0.0076870848424732685,0.5572906136512756
1605904229.746993,1.5151207447052002,-0.00950656272470951,0.5582007169723511
1605904229.9504082,1.4918668270111084,-0.013660645112395287,0.5503727793693542
1605904230.156164,1.4745655059814453,-0.014428877271711826,0.5465217232704163
1605904230.361528,1.4717926979064941,-0.0028481734916567802,0.5503769516944885
1605904230.5724545,1.4612151384353638,0.007771801669150591,0.5408082604408264
1605904230.7814686,1.4612151384353638,0.007771801669150591,0.5408082604408264
1605904230.983577,1.413399338722229,0.025509195402264595,0.5322643518447876
1605904231.1879442,1.413399338722229,0.025509195402264595,0.5322643518447876
1605904231.3919113,1.3875303268432617,0.031079083681106567,0.5321957468986511
1605904231.594094,1.357982873916626,0.036700647324323654,0.5272001028060913
1605904231.7968473,1.3308480978012085,0.03922673314809799,0.5206682085990906
1605904231.9978843,1.3054598569869995,0.04878818243741989,0.5143511295318604
1605904232.2031138,1.244999885559082,0.06285709142684937,0.5086090564727783
1605904232.4083755,1.2073543071746826,0.05712450295686722,0.5039868950843811
1605904232.6112728,1.2073543071746826,0.05712450295686722,0.5039868950843811
1605904232.820951,1.177878975868225,0.028168486431241035,0.5002604126930237
1605904233.025216,1.145180344581604,0.016781164333224297,0.49538499116897583
1605904233.2260962,1.0779039859771729,0.030249565839767456,0.48417097330093384
1605904233.4552343,1.0779039859771729,0.030249565839767456,0.48417097330093384
1605904233.6327167,1.0418068170547485,0.03910774365067482,0.4784230887889862
1605904233.8333082,1.0070006847381592,0.05214674398303032,0.4759610891342163
1605904234.0386782,0.9749035835266113,0.06359188258647919,0.47328123450279236
1605904234.2409546,0.9415436387062073,0.08034176379442215,0.468126505613327
1605904234.4455729,0.9063615202903748,0.09271206706762314,0.46174052357673645
1605904234.6501768,0.8271533250808716,0.10095692425966263,0.45652464032173157
1605904234.8546996,0.7886763215065002,0.10640265047550201,0.4531499743461609
1605904235.05901,0.7525995969772339,0.12273886054754257,0.4447592794895172
1605904235.2643912,0.7525995969772339,0.12273886054754257,0.4447592794895172
1605904235.466422,0.7142975926399231,0.1414889246225357,0.43289461731910706
1605904235.6717813,0.6269727945327759,0.17451518774032593,0.42504262924194336
1605904235.8731327,0.5804955959320068,0.1986083984375,0.4123615622520447
1605904236.0743504,0.5804955959320068,0.1986083984375,0.4123615622520447
1605904236.3212743,0.5354610085487366,0.20550823211669922,0.40125390887260437
1605904236.4894896,0.49066856503486633,0.208775132894516,0.39979034662246704
1605904236.690197,0.43040773272514343,0.22319525480270386,0.3976164758205414
1605904236.8919036,0.43040773272514343,0.22319525480270386,0.3976164758205414
1605904237.091903,0.4146061837673187,0.23318512737751007,0.3942948281764984
1605904237.2928874,0.40935271978378296,0.23436100780963898,0.39300337433815
1605904237.4948866,0.41536638140678406,0.2339944988489151,0.3996411859989166
1605904237.7002513,0.4155166745185852,0.2173861265182495,0.3865325152873993
1605904237.9080303,0.4048311710357666,0.21251864731311798,0.3804267346858978
1605904238.130744,0.39083459973335266,0.2109111100435257,0.3920859396457672
1605904238.3156798,0.3791029155254364,0.20792335271835327,0.398294061422348
1605904238.5163574,0.3822709918022156,0.19616535305976868,0.4012215733528137
1605904238.7203252,0.38985246419906616,0.18053407967090607,0.4029543995857239
1605904238.9257052,0.39539656043052673,0.1682308465242386,0.40006306767463684
1605904239.1263976,0.4010717272758484,0.16871510446071625,0.39468786120414734
1605904239.3279212,0.4008539617061615,0.1784367859363556,0.391071081161499
1605904239.5378227,0.39856255054473877,0.1842980682849884,0.3904529809951782
1605904239.7383778,0.3942870497703552,0.19268961250782013,0.39797165989875793
1605904239.9409075,0.392365038394928,0.1955617219209671,0.4004976749420166
1605904240.1444116,0.392365038394928,0.1955617219209671,0.4004976749420166
1605904240.348421,0.391902893781662,0.1950545310974121,0.3976152241230011
1605904240.5525587,0.3916056752204895,0.1926182061433792,0.39442968368530273
1605904240.7572262,0.39253491163253784,0.1835414171218872,0.3980320990085602
1605904240.960057,0.39405542612075806,0.18993696570396423,0.4002353250980377
1605904241.165459,0.39405542612075806,0.18993696570396423,0.4002353250980377
1605904241.3707962,0.3985940217971802,0.22036445140838623,0.390433132648468
1605904241.5777633,0.39718833565711975,0.22123174369335175,0.3963691294193268
1605904241.781183,0.3944987952709198,0.21370063722133636,0.40001580119132996
1605904241.9828508,0.3992234468460083,0.20426401495933533,0.39852261543273926
1605904242.1843119,0.4018699526786804,0.1999131292104721,0.3947642743587494
1605904242.388649,0.4120425581932068,0.21814031898975372,0.39923593401908875
1605904242.5903234,0.41020888090133667,0.20574675500392914,0.39778247475624084
1605904242.7926989,0.4063188135623932,0.19245383143424988,0.39875373244285583
1605904242.9981024,0.39795783162117004,0.18417459726333618,0.39727380871772766
1605904243.209146,0.3921564221382141,0.1864546835422516,0.3942779004573822
1605904243.4150612,0.3919520974159241,0.1962791532278061,0.39498743414878845
1605904243.6204667,0.39805305004119873,0.20707829296588898,0.4029511511325836
1605904243.8236651,0.4030535817146301,0.21601621806621552,0.40465936064720154
1605904244.0290575,0.40522563457489014,0.21548227965831757,0.39673709869384766
1605904244.2315257,0.39977923035621643,0.20134396851062775,0.39021262526512146
1605904244.436874,0.39977923035621643,0.20134396851062775,0.39021262526512146
1605904244.654909,0.3948538303375244,0.19017988443374634,0.39257484674453735
1605904244.8412018,0.3935285210609436,0.18568287789821625,0.40379032492637634
1605904245.0424097,0.4052269756793976,0.19347991049289703,0.4061161279678345
1605904245.2432542,0.4052269756793976,0.19347991049289703,0.4061161279678345
1605904245.4788249,0.40977469086647034,0.20524823665618896,0.3993211090564728
1605904245.6526055,0.4101388156414032,0.20636522769927979,0.4015786945819855
1605904245.8531725,0.4054381251335144,0.20029571652412415,0.40321996808052063
1605904246.0552387,0.4000273048877716,0.1873275190591812,0.3952283561229706
1605904246.2579772,0.39376747608184814,0.1828908771276474,0.39471593499183655
1605904246.4609735,0.3915335237979889,0.19173334538936615,0.4005218744277954
1605904246.6618328,0.39734241366386414,0.20039038360118866,0.4002387523651123
1605904246.8672357,0.4025881886482239,0.203844353556633,0.4018305540084839
1605904247.127306,0.404662549495697,0.2031516283750534,0.40243053436279297
1605904247.2743611,0.4034755527973175,0.19359558820724487,0.3949875235557556
1605904247.4773154,0.39857348799705505,0.18888048827648163,0.3957730233669281
1605904247.680094,0.39275166392326355,0.21326787769794464,0.40499693155288696
1605904247.8854768,0.3946790397167206,0.2261301726102829,0.4057854413986206
1605904248.0887604,0.39707237482070923,0.2293059527873993,0.401371568441391
1605904248.2941594,0.40038347244262695,0.22949525713920593,0.39919033646583557
1605904248.5057285,0.40630054473876953,0.2266160249710083,0.4064144790172577
1605904248.7110782,0.40903791785240173,0.22037489712238312,0.4046541452407837
1605904248.9159257,0.41170021891593933,0.20713968575000763,0.39996421337127686
1605904249.1171548,0.406441330909729,0.19616273045539856,0.40199634432792664
1605904249.3224704,0.3975946009159088,0.18700160086154938,0.3991604745388031
1605904249.5278733,0.39298656582832336,0.18581360578536987,0.3969937562942505
1605904249.729641,0.3999558389186859,0.18809203803539276,0.4046119451522827
1605904249.9306812,0.4055977463722229,0.19187980890274048,0.40755656361579895
1605904250.1360967,0.40970417857170105,0.19592630863189697,0.3992478549480438
1605904250.3387713,0.40970417857170105,0.19592630863189697,0.3992478549480438
1605904250.5433552,0.416513592004776,0.2008766233921051,0.3960299491882324
1605904250.7588692,0.41725000739097595,0.20199614763259888,0.39582008123397827
1605904251.0189447,0.41725000739097595,0.20199614763259888,0.39582008123397827
1605904251.1719136,0.4139404594898224,0.20310261845588684,0.39706331491470337
1605904251.3776684,0.41060853004455566,0.2084653079509735,0.3913511633872986
1605904251.578397,0.4053890109062195,0.2169063538312912,0.39232325553894043
1605904251.7790217,0.39730116724967957,0.21572859585285187,0.3954557478427887
1605904252.0717754,0.39730116724967957,0.21572859585285187,0.3954557478427887
