1607155191.5939245,0.4866778030991554,-0.010950101539492607,0.08509202301502228,-0.013322196900844574,-0.010950101539492607,0.08509202301502228
1607155191.7986515,0.5286164432764053,0.020449034869670868,0.2763139009475708,0.028616443276405334,0.020449034869670868,0.2763139009475708
1607155192.0019186,0.527360662817955,-0.003105222014710307,0.371493399143219,0.027360662817955017,-0.003105222014710307,0.371493399143219
1607155192.2291102,0.527360662817955,-0.003105222014710307,0.371493399143219,0.027360662817955017,-0.003105222014710307,0.371493399143219
1607155192.417973,0.5147929256781936,-0.026059458032250404,0.38392993807792664,0.01479292567819357,-0.026059458032250404,0.38392993807792664
1607155192.621225,0.5147929256781936,-0.026059458032250404,0.38392993807792664,0.01479292567819357,-0.026059458032250404,0.38392993807792664
1607155192.8266811,0.5511264465749264,-0.05002700164914131,0.4096311330795288,0.051126446574926376,-0.05002700164914131,0.4096311330795288
1607155193.044691,0.5511264465749264,-0.05002700164914131,0.4096311330795288,0.051126446574926376,-0.05002700164914131,0.4096311330795288
1607155193.232708,0.7813862264156342,-0.023075610399246216,0.41891226172447205,0.28138622641563416,-0.023075610399246216,0.41891226172447205
1607155193.437941,0.7813862264156342,-0.023075610399246216,0.41891226172447205,0.28138622641563416,-0.023075610399246216,0.41891226172447205
1607155193.6394143,1.0992423295974731,-0.010638721287250519,0.4283119738101959,0.5992423295974731,-0.010638721287250519,0.4283119738101959
1607155193.841265,1.0992423295974731,-0.010638721287250519,0.4283119738101959,0.5992423295974731,-0.010638721287250519,0.4283119738101959
1607155194.0465863,1.1221715807914734,-0.014331434853374958,0.4038594961166382,0.6221715807914734,-0.014331434853374958,0.4038594961166382
1607155194.2485785,1.1221715807914734,-0.014331434853374958,0.4038594961166382,0.6221715807914734,-0.014331434853374958,0.4038594961166382
1607155194.4505906,0.7713427245616913,-0.020247874781489372,0.45222726464271545,0.2713427245616913,-0.020247874781489372,0.45222726464271545
1607155194.655322,0.7713427245616913,-0.020247874781489372,0.45222726464271545,0.2713427245616913,-0.020247874781489372,0.45222726464271545
1607155194.8779452,0.5227249935269356,-0.01980658248066902,0.43358317017555237,0.022724993526935577,-0.01980658248066902,0.43358317017555237
1607155195.1040227,0.5227249935269356,-0.01980658248066902,0.43358317017555237,0.022724993526935577,-0.01980658248066902,0.43358317017555237
1607155195.2679815,0.5226273834705353,-0.020582955330610275,0.45215991139411926,0.02262738347053528,-0.020582955330610275,0.45215991139411926
1607155195.4908588,0.5226273834705353,-0.020582955330610275,0.45215991139411926,0.02262738347053528,-0.020582955330610275,0.45215991139411926
1607155195.6964693,0.6588440835475922,-0.005038922186940908,0.43665558099746704,0.15884408354759216,-0.005038922186940908,0.43665558099746704
1607155195.914702,0.6588440835475922,-0.005038922186940908,0.43665558099746704,0.15884408354759216,-0.005038922186940908,0.43665558099746704
1607155196.102014,0.8736903667449951,-0.006374401040375233,0.43005672097206116,0.3736903667449951,-0.006374401040375233,0.43005672097206116
1607155196.3125787,0.8736903667449951,-0.006374401040375233,0.43005672097206116,0.3736903667449951,-0.006374401040375233,0.43005672097206116
1607155196.5143826,0.7858946025371552,-0.018887603655457497,0.4328215718269348,0.28589460253715515,-0.018887603655457497,0.4328215718269348
1607155196.7158976,0.7867213651025067,-0.018887603655457497,0.4328215718269348,0.28589460253715515,-0.018887603655457497,0.4328215718269348
1607155196.9826748,0.5994914102332921,-0.005560919176787138,0.43579748272895813,0.09323852509260178,-0.005560919176787138,0.43579748272895813
1607155197.1333733,0.6094091534233712,-0.005560919176787138,0.43579748272895813,0.09323852509260178,-0.005560919176787138,0.43579748272895813
1607155197.3362548,0.5237694082232167,-0.005356281530112028,0.4366684556007385,-0.006841415539383888,-0.005356281530112028,0.4366684556007385
1607155197.539763,0.5975954789289548,-0.015467528253793716,0.43082180619239807,0.04788831248879433,-0.015467528253793716,0.43082180619239807
1607155197.7422116,0.6211501264645878,-0.015467528253793716,0.43082180619239807,0.04788831248879433,-0.015467528253793716,0.43082180619239807
1607155197.9425745,0.6489468433025473,-0.015467528253793716,0.43082180619239807,0.04788831248879433,-0.015467528253793716,0.43082180619239807
1607155198.1533518,0.8528639255705741,-0.008063366636633873,0.41924282908439636,0.21775206923484802,-0.008063366636633873,0.41924282908439636
1607155198.357624,0.890573639235555,-0.008063366636633873,0.41924282908439636,0.21775206923484802,-0.008063366636633873,0.41924282908439636
1607155198.5611198,0.7491642362195736,-0.007778632454574108,0.40052342414855957,0.03415929526090622,-0.007778632454574108,0.40052342414855957
1607155198.7627425,0.6284134575690814,-0.007733533158898354,0.42975589632987976,-0.13292349874973297,-0.007733533158898354,0.42975589632987976
1607155198.9955788,0.6802398615346874,-0.007733533158898354,0.42975589632987976,-0.13292349874973297,-0.007733533158898354,0.42975589632987976
1607155199.1734085,0.7367342636612224,-0.007733533158898354,0.42975589632987976,-0.13292349874973297,-0.007733533158898354,0.42975589632987976
1607155199.3790162,0.7631549995872654,-0.007319012191146612,0.4249233305454254,-0.16778787970542908,-0.007319012191146612,0.4249233305454254
1607155199.5812135,0.8461369296042026,-0.010699590668082237,0.41347867250442505,-0.14965109527111053,-0.010699590668082237,0.41347867250442505
1607155199.786309,0.8503489047288895,-0.010699590668082237,0.41347867250442505,-0.14965109527111053,-0.010699590668082237,0.41347867250442505
1607155199.9916687,1.0753396153450012,-0.005218000151216984,0.41189607977867126,0.07533961534500122,-0.005218000151216984,0.41189607977867126
1607155200.2076085,1.0753396153450012,-0.005218000151216984,0.41189607977867126,0.07533961534500122,-0.005218000151216984,0.41189607977867126
1607155200.4055762,1.0753396153450012,-0.005218000151216984,0.41189607977867126,0.07533961534500122,-0.005218000151216984,0.41189607977867126
1607155200.6304603,0.9612396992743015,-0.011486345902085304,0.39553412795066833,-0.03876030072569847,-0.011486345902085304,0.39553412795066833
1607155200.8146288,0.6094985902309418,-0.021187864243984222,0.40925732254981995,-0.3905014097690582,-0.021187864243984222,0.40925732254981995
1607155201.0177894,0.6094985902309418,-0.021187864243984222,0.40925732254981995,-0.3905014097690582,-0.021187864243984222,0.40925732254981995
1607155201.2222407,0.4616541266441345,0.0026280952151864767,0.4170888662338257,-0.5383458733558655,0.0026280952151864767,0.4170888662338257
1607155201.4250722,0.4616541266441345,0.0026280952151864767,0.4170888662338257,-0.5383458733558655,0.0026280952151864767,0.4170888662338257
1607155201.6260743,0.4954960346221924,-0.013855371624231339,0.42283517122268677,-0.5045039653778076,-0.013855371624231339,0.42283517122268677
1607155201.8599925,0.4954960346221924,-0.013855371624231339,0.42283517122268677,-0.5045039653778076,-0.013855371624231339,0.42283517122268677
1607155202.0314384,0.4884042739868164,-0.018867699429392815,0.4134950041770935,-0.5115957260131836,-0.018867699429392815,0.4134950041770935
1607155202.2359712,0.4884042739868164,-0.018867699429392815,0.4134950041770935,-0.5115957260131836,-0.018867699429392815,0.4134950041770935
1607155202.441886,0.45783179998397827,0.0027984699700027704,0.40951046347618103,-0.5421682000160217,0.0027984699700027704,0.40951046347618103
1607155202.6739328,0.45783179998397827,0.0027984699700027704,0.40951046347618103,-0.5421682000160217,0.0027984699700027704,0.40951046347618103
1607155202.854438,0.4741407036781311,0.0021354539785534143,0.4167667329311371,-0.5258592963218689,0.0021354539785534143,0.4167667329311371
1607155203.0595603,0.4741407036781311,0.0021354539785534143,0.4167667329311371,-0.5258592963218689,0.0021354539785534143,0.4167667329311371
1607155203.2648695,0.4891607165336609,0.012879904359579086,0.40768617391586304,-0.5108392834663391,0.012879904359579086,0.40768617391586304
1607155203.467802,0.4891607165336609,0.012879904359579086,0.40768617391586304,-0.5108392834663391,0.012879904359579086,0.40768617391586304
1607155203.668626,0.48662060499191284,0.01333157904446125,0.4066321551799774,-0.5133793950080872,0.01333157904446125,0.4066321551799774
1607155203.9116688,0.48662060499191284,0.01333157904446125,0.4066321551799774,-0.5133793950080872,0.01333157904446125,0.4066321551799774
1607155204.075202,0.4885319471359253,-0.004923186264932156,0.40734580159187317,-0.5114680528640747,-0.004923186264932156,0.40734580159187317
1607155204.28049,0.4885319471359253,-0.004923186264932156,0.40734580159187317,-0.5114680528640747,-0.004923186264932156,0.40734580159187317
1607155204.4807403,0.48829877376556396,-0.008334241807460785,0.40901243686676025,-0.511701226234436,-0.008334241807460785,0.40901243686676025
1607155204.6829317,0.48829877376556396,-0.008334241807460785,0.40901243686676025,-0.511701226234436,-0.008334241807460785,0.40901243686676025
1607155204.8859484,0.4853469133377075,-0.008173841051757336,0.410535991191864,-0.5146530866622925,-0.008173841051757336,0.410535991191864
1607155205.089023,0.4853469133377075,-0.008173841051757336,0.410535991191864,-0.5146530866622925,-0.008173841051757336,0.410535991191864
1607155205.2917988,0.48559004068374634,-0.012074408121407032,0.4072805941104889,-0.5144099593162537,-0.012074408121407032,0.4072805941104889
1607155205.492519,0.48559004068374634,-0.012074408121407032,0.4072805941104889,-0.5144099593162537,-0.012074408121407032,0.4072805941104889
1607155205.7179115,0.4839950203895569,-0.015526195988059044,0.39891085028648376,-0.5160049796104431,-0.015526195988059044,0.39891085028648376
1607155205.937449,0.4839950203895569,-0.015526195988059044,0.39891085028648376,-0.5160049796104431,-0.015526195988059044,0.39891085028648376
1607155206.1096392,0.492584764957428,-0.012744182720780373,0.4009089469909668,-0.507415235042572,-0.012744182720780373,0.4009089469909668
1607155206.3038929,0.492584764957428,-0.012744182720780373,0.4009089469909668,-0.507415235042572,-0.012744182720780373,0.4009089469909668
1607155206.5044014,0.5604516863822937,-0.009693716652691364,0.4035552442073822,-0.4395483136177063,-0.009693716652691364,0.4035552442073822
1607155206.7137215,0.5604516863822937,-0.009693716652691364,0.4035552442073822,-0.4395483136177063,-0.009693716652691364,0.4035552442073822
1607155206.931121,0.6835635006427765,-0.011929214932024479,0.40589478611946106,-0.3164364993572235,-0.011929214932024479,0.40589478611946106
1607155207.1590748,0.6835635006427765,-0.011929214932024479,0.40589478611946106,-0.3164364993572235,-0.011929214932024479,0.40589478611946106
1607155207.326073,0.7684101462364197,-0.009344655089080334,0.40401598811149597,-0.23158985376358032,-0.009344655089080334,0.40401598811149597
1607155207.5647943,0.7344276309013367,-0.0025971103459596634,0.40350377559661865,-0.26557236909866333,-0.0025971103459596634,0.40350377559661865
1607155207.7648873,0.7344276309013367,-0.0025971103459596634,0.40350377559661865,-0.26557236909866333,-0.0025971103459596634,0.40350377559661865
1607155207.939914,0.7344276309013367,-0.0025971103459596634,0.40350377559661865,-0.26557236909866333,-0.0025971103459596634,0.40350377559661865
1607155208.1455445,0.6080926954746246,-0.015216635540127754,0.40040460228919983,-0.39190730452537537,-0.015216635540127754,0.40040460228919983
1607155208.3600538,0.6080926954746246,-0.015216635540127754,0.40040460228919983,-0.39190730452537537,-0.015216635540127754,0.40040460228919983
1607155208.621067,0.5067526698112488,-0.019624905660748482,0.4046119749546051,-0.4932473301887512,-0.019624905660748482,0.4046119749546051
1607155208.770762,0.48967647552490234,-0.010248694568872452,0.39976000785827637,-0.5103235244750977,-0.010248694568872452,0.39976000785827637
1607155208.9820921,0.48967647552490234,-0.010248694568872452,0.39976000785827637,-0.5103235244750977,-0.010248694568872452,0.39976000785827637
1607155209.2163212,0.48967647552490234,-0.010248694568872452,0.39976000785827637,-0.5103235244750977,-0.010248694568872452,0.39976000785827637
1607155209.394788,0.48977339267730713,-0.009279203601181507,0.3995656967163086,-0.5102266073226929,-0.009279203601181507,0.3995656967163086
1607155209.6000729,0.480820894241333,-0.01857445202767849,0.4015580117702484,-0.519179105758667,-0.01857445202767849,0.4015580117702484
1607155209.8048244,0.480820894241333,-0.01857445202767849,0.4015580117702484,-0.519179105758667,-0.01857445202767849,0.4015580117702484
1607155210.0088222,0.4782141447067261,0.0036838212981820107,0.3992008864879608,-0.5217858552932739,0.0036838212981820107,0.3992008864879608
1607155210.214188,0.4782141447067261,0.0036838212981820107,0.3992008864879608,-0.5217858552932739,0.0036838212981820107,0.3992008864879608
1607155210.4250052,0.4773097038269043,0.26824572682380676,0.39774730801582336,-0.5226902961730957,0.26824572682380676,0.39774730801582336
1607155210.6264315,0.4773097038269043,0.26824572682380676,0.39774730801582336,-0.5226902961730957,0.26824572682380676,0.39774730801582336
1607155210.8443627,0.48460036516189575,0.4254850149154663,0.3750075101852417,-0.5153996348381042,0.4254850149154663,0.3750075101852417
1607155211.0709271,0.48460036516189575,0.4254850149154663,0.3750075101852417,-0.5153996348381042,0.4254850149154663,0.3750075101852417
1607155211.2500565,0.4819372296333313,0.16913007199764252,0.4119893014431,-0.5180627703666687,0.16913007199764252,0.4119893014431
1607155211.4536326,0.4819372296333313,0.16913007199764252,0.4119893014431,-0.5180627703666687,0.16913007199764252,0.4119893014431
1607155211.8332894,0.4850660562515259,-0.04709373787045479,0.4011344015598297,-0.5149339437484741,-0.04709373787045479,0.4011344015598297
1607155211.8752873,0.4850660562515259,-0.04709373787045479,0.4011344015598297,-0.5149339437484741,-0.04709373787045479,0.4011344015598297
1607155212.079846,0.4850660562515259,-0.04709373787045479,0.4011344015598297,-0.5149339437484741,-0.04709373787045479,0.4011344015598297
1607155212.285243,0.4850660562515259,-0.04709373787045479,0.4011344015598297,-0.5149339437484741,-0.04709373787045479,0.4011344015598297
1607155212.4906368,0.4850660562515259,-0.04709373787045479,0.4011344015598297,-0.5149339437484741,-0.04709373787045479,0.4011344015598297
1607155212.6959507,0.4850660562515259,-0.04709373787045479,0.4011344015598297,-0.5149339437484741,-0.04709373787045479,0.4011344015598297
1607155212.9013028,0.4850660562515259,-0.04709373787045479,0.4011344015598297,-0.5149339437484741,-0.04709373787045479,0.4011344015598297
1607155213.1067395,0.4850660562515259,-0.04709373787045479,0.4011344015598297,-0.5149339437484741,-0.04709373787045479,0.4011344015598297
1607155213.3120584,0.4850660562515259,-0.04709373787045479,0.4011344015598297,-0.5149339437484741,-0.04709373787045479,0.4011344015598297
1607155213.5174024,0.4850660562515259,-0.04709373787045479,0.4011344015598297,-0.5149339437484741,-0.04709373787045479,0.4011344015598297
1607155213.722759,0.4850660562515259,-0.04709373787045479,0.4011344015598297,-0.5149339437484741,-0.04709373787045479,0.4011344015598297
1607155213.928093,0.4850660562515259,-0.04709373787045479,0.4011344015598297,-0.5149339437484741,-0.04709373787045479,0.4011344015598297
1607155214.1332448,0.4850660562515259,-0.04709373787045479,0.4011344015598297,-0.5149339437484741,-0.04709373787045479,0.4011344015598297
1607155214.3387454,0.4850660562515259,-0.04709373787045479,0.4011344015598297,-0.5149339437484741,-0.04709373787045479,0.4011344015598297
1607155214.5440924,0.4850660562515259,-0.04709373787045479,0.4011344015598297,-0.5149339437484741,-0.04709373787045479,0.4011344015598297
1607155214.7461586,0.4850660562515259,-0.04709373787045479,0.4011344015598297,-0.5149339437484741,-0.04709373787045479,0.4011344015598297
1607155214.951486,0.4850660562515259,-0.04709373787045479,0.4011344015598297,-0.5149339437484741,-0.04709373787045479,0.4011344015598297
1607155215.1569145,0.4850660562515259,-0.04709373787045479,0.4011344015598297,-0.5149339437484741,-0.04709373787045479,0.4011344015598297
1607155215.3623502,0.4850660562515259,-0.04709373787045479,0.4011344015598297,-0.5149339437484741,-0.04709373787045479,0.4011344015598297
1607155215.5675957,0.4850660562515259,-0.04709373787045479,0.4011344015598297,-0.5149339437484741,-0.04709373787045479,0.4011344015598297
