1607155191.5948553,0.28856274876743554,-0.2880794696509838,0.26694679260253906,-0.01143725123256445,0.01192053034901619,0.26694679260253906
1607155191.7987754,0.28856274876743554,-0.2880794696509838,0.26694679260253906,-0.01143725123256445,0.01192053034901619,0.26694679260253906
1607155192.001617,0.3247772801667452,-0.2846046036109328,0.36229440569877625,0.024777280166745186,0.015395396389067173,0.36229440569877625
1607155192.2070074,0.3247772801667452,-0.2846046036109328,0.36229440569877625,0.024777280166745186,0.015395396389067173,0.36229440569877625
1607155192.4095879,0.32286767959594725,-0.325167191401124,0.40071210265159607,0.022867679595947266,-0.025167191401124,0.40071210265159607
1607155192.6157064,0.32286767959594725,-0.325167191401124,0.40071210265159607,0.022867679595947266,-0.025167191401124,0.40071210265159607
1607155192.832799,0.3222745705395937,-0.32900619991123675,0.4138851761817932,0.022274570539593697,-0.029006199911236763,0.4138851761817932
1607155193.0181074,0.3222745705395937,-0.32900619991123675,0.4138851761817932,0.022274570539593697,-0.029006199911236763,0.4138851761817932
1607155193.222936,0.4116160377860069,-0.2926236430183053,0.4200017750263214,0.11161603778600693,0.007376356981694698,0.4200017750263214
1607155193.4271324,0.4116160377860069,-0.2926236430183053,0.4200017750263214,0.11161603778600693,0.007376356981694698,0.4200017750263214
1607155193.6280177,0.6721891641616822,-0.28687233868986367,0.4344746768474579,0.37218916416168213,0.013127661310136318,0.4344746768474579
1607155193.8569977,0.6721891641616822,-0.28687233868986367,0.4344746768474579,0.37218916416168213,0.013127661310136318,0.4344746768474579
1607155194.0312083,0.9199842691421509,-0.2757975712418556,0.4408923089504242,0.6199842691421509,0.02420242875814438,0.4408923089504242
1607155194.2325175,0.9199842691421509,-0.2757975712418556,0.4408923089504242,0.6199842691421509,0.02420242875814438,0.4408923089504242
1607155194.4338663,0.8286495685577393,-0.282590951025486,0.4395764470100403,0.5286495685577393,0.017409048974514008,0.4395764470100403
1607155194.6551685,0.8286495685577393,-0.282590951025486,0.4395764470100403,0.5286495685577393,0.017409048974514008,0.4395764470100403
1607155194.8558047,0.48326692283153533,-0.2974859047215432,0.4280734658241272,0.18326692283153534,0.002514095278456807,0.4280734658241272
1607155195.0720694,0.48326692283153533,-0.2974859047215432,0.4280734658241272,0.18326692283153534,0.002514095278456807,0.4280734658241272
1607155195.257744,0.2844110198318958,-0.28541754484176635,0.4388543665409088,-0.015588980168104172,0.014582455158233643,0.4388543665409088
1607155195.470308,0.2844110198318958,-0.28541754484176635,0.4388543665409088,-0.015588980168104172,0.014582455158233643,0.4388543665409088
1607155195.717974,0.30958870630711316,-0.2774032402783632,0.4335167407989502,0.00958870630711317,0.022596759721636772,0.4335167407989502
1607155195.877292,0.30958870630711316,-0.2774032402783632,0.4335167407989502,0.00958870630711317,0.022596759721636772,0.4335167407989502
1607155196.0804164,0.5687023580074311,-0.2857735941186547,0.4293869137763977,0.26870235800743103,0.014226405881345272,0.4293869137763977
1607155196.2858849,0.5687023580074311,-0.2857735941186547,0.4293869137763977,0.26870235800743103,0.014226405881345272,0.4293869137763977
1607155196.488601,0.6677071928977967,-0.2967020412441343,0.42804715037345886,0.36770719289779663,0.003297958755865693,0.42804715037345886
1607155196.7156174,0.6680012683571552,-0.29699614656281026,0.42804715037345886,0.36770719289779663,0.003297958755865693,0.42804715037345886
1607155196.8929098,0.5047792447061814,-0.2994313386118013,0.4349803328514099,0.20181813836097717,0.0035298909060657024,0.4349803328514099
1607155197.0954084,0.5101696252239454,-0.30482182668068464,0.4349803328514099,0.20181813836097717,0.0035298909060657024,0.4349803328514099
1607155197.2988014,0.3284387605912362,-0.30095260405260166,0.4309713542461395,0.011944255791604519,0.015542191453278065,0.4309713542461395
1607155197.4990962,0.33920150512240826,-0.31171530222079014,0.4309713542461395,0.011944255791604519,0.015542191453278065,0.4309713542461395
1607155197.7581606,0.3694131440807742,-0.3221113812453969,0.4254400134086609,0.028399977833032608,0.018902067095041275,0.4254400134086609
1607155197.9104395,0.3860913876672403,-0.3387899282354908,0.4254400134086609,0.028399977833032608,0.018902067095041275,0.4254400134086609
1607155198.11539,0.6430732661445764,-0.35316737039265905,0.42135006189346313,0.2660071849822998,0.023899339139461517,0.42135006189346313
1607155198.3204117,0.6652587879721977,-0.3753529220994096,0.42135006189346313,0.2660071849822998,0.023899339139461517,0.42135006189346313
1607155198.5223646,0.6172207728221186,-0.39110948967351644,0.4102366268634796,0.1933777630329132,0.03273428604006767,0.4102366268634796
1607155198.7252564,0.3946630454782583,-0.3902494121761947,0.4187197983264923,-0.05662276968359947,0.06103728339076042,0.4187197983264923
1607155198.9286904,0.4249371476210702,-0.4205235612987981,0.4187197983264923,-0.05662276968359947,0.06103728339076042,0.4187197983264923
1607155199.130026,0.45761081501853673,-0.4531975101688734,0.4187197983264923,-0.05662276968359947,0.06103728339076042,0.4187197983264923
1607155199.331122,0.41949622365082934,-0.4315099801115214,0.4219982922077179,-0.13007526099681854,0.11806254833936691,0.4219982922077179
1607155199.543474,0.4576064490482186,-0.4696203757635601,0.4219982922077179,-0.13007526099681854,0.11806254833936691,0.4219982922077179
1607155199.7581902,0.4967664986848831,-0.42668930292129514,0.4151008129119873,-0.10323350131511688,0.17331069707870483,0.4151008129119873
1607155199.967162,0.4967664986848831,-0.42668930292129514,0.4151008129119873,-0.10323350131511688,0.17331069707870483,0.4151008129119873
1607155200.1450622,0.7428388953208923,-0.3741330862045288,0.4103061854839325,0.14283889532089233,0.2258669137954712,0.4103061854839325
1607155200.34814,0.7428388953208923,-0.3741330862045288,0.4103061854839325,0.14283889532089233,0.2258669137954712,0.4103061854839325
1607155200.5511134,0.8344213277101518,-0.30707130432128904,0.4042222201824188,0.23442132771015167,0.29292869567871094,0.4042222201824188
1607155200.756505,0.8344213277101518,-0.30707130432128904,0.4042222201824188,0.23442132771015167,0.29292869567871094,0.4042222201824188
1607155200.9620912,0.5495983608067035,-0.28147602677345274,0.4088047444820404,-0.05040163919329643,0.31852397322654724,0.4088047444820404
1607155201.206551,0.3171909213066101,-0.28237525224685667,0.41306498646736145,-0.2828090786933899,0.3176247477531433,0.41306498646736145
1607155201.3773453,0.3171909213066101,-0.28237525224685667,0.41306498646736145,-0.2828090786933899,0.3176247477531433,0.41306498646736145
1607155201.5826335,0.2828725934028625,-0.26930240392684934,0.4150676429271698,-0.31712740659713745,0.33069759607315063,0.4150676429271698
1607155201.7854311,0.2828725934028625,-0.26930240392684934,0.4150676429271698,-0.31712740659713745,0.33069759607315063,0.4150676429271698
1607155201.987008,0.2846702992916107,-0.27203801870346067,0.410952091217041,-0.3153297007083893,0.3279619812965393,0.410952091217041
1607155202.1878126,0.2846702992916107,-0.27203801870346067,0.410952091217041,-0.3153297007083893,0.3279619812965393,0.410952091217041
1607155202.4417338,0.2846702992916107,-0.27203801870346067,0.410952091217041,-0.3153297007083893,0.3279619812965393,0.410952091217041
1607155202.6014485,0.2654510200023651,-0.2738901138305664,0.41023319959640503,-0.3345489799976349,0.3261098861694336,0.41023319959640503
1607155202.8170457,0.2682711839675903,-0.27861869931221006,0.4086736738681793,-0.33172881603240967,0.3213813006877899,0.4086736738681793
1607155203.0189145,0.2682711839675903,-0.27861869931221006,0.4086736738681793,-0.33172881603240967,0.3213813006877899,0.4086736738681793
1607155203.2576642,0.2788864731788635,-0.2608573198318481,0.4069645404815674,-0.3211135268211365,0.33914268016815186,0.4069645404815674
1607155203.4240181,0.2788864731788635,-0.2608573198318481,0.4069645404815674,-0.3211135268211365,0.33914268016815186,0.4069645404815674
1607155203.6250455,0.28499910831451414,-0.27438650131225584,0.40472641587257385,-0.31500089168548584,0.32561349868774414,0.40472641587257385
1607155203.8641994,0.28499910831451414,-0.27438650131225584,0.40472641587257385,-0.31500089168548584,0.32561349868774414,0.40472641587257385
1607155204.0408099,0.28578985333442686,-0.2857032179832458,0.4072284400463104,-0.3142101466655731,0.31429678201675415,0.4072284400463104
1607155204.2423584,0.28578985333442686,-0.2857032179832458,0.4072284400463104,-0.3142101466655731,0.31429678201675415,0.4072284400463104
1607155204.452892,0.28484234809875486,-0.27954513430595396,0.40506649017333984,-0.3151576519012451,0.320454865694046,0.40506649017333984
1607155204.6568089,0.28484234809875486,-0.27954513430595396,0.40506649017333984,-0.3151576519012451,0.320454865694046,0.40506649017333984
1607155204.857965,0.28568277359008787,-0.2818038821220398,0.40384548902511597,-0.3143172264099121,0.3181961178779602,0.40384548902511597
1607155205.0615468,0.28568277359008787,-0.2818038821220398,0.40384548902511597,-0.3143172264099121,0.3181961178779602,0.40384548902511597
1607155205.2657614,0.28400242924690244,-0.2871094703674316,0.4003893733024597,-0.31599757075309753,0.31289052963256836,0.4003893733024597
1607155205.4701505,0.28400242924690244,-0.2871094703674316,0.4003893733024597,-0.31599757075309753,0.31289052963256836,0.4003893733024597
1607155205.701763,0.2806282103061676,-0.28940889835357664,0.4006049633026123,-0.3193717896938324,0.31059110164642334,0.4006049633026123
1607155205.8784785,0.2806282103061676,-0.28940889835357664,0.4006049633026123,-0.3193717896938324,0.31059110164642334,0.4006049633026123
1607155206.081867,0.30203757286071775,-0.29429194927215574,0.3940131366252899,-0.2979624271392822,0.30570805072784424,0.3940131366252899
1607155206.287214,0.30203757286071775,-0.29429194927215574,0.3940131366252899,-0.2979624271392822,0.30570805072784424,0.3940131366252899
1607155206.492595,0.3709110528230667,-0.2920211911201477,0.39719927310943604,-0.2290889471769333,0.3079788088798523,0.39719927310943604
1607155206.719313,0.3709110528230667,-0.2920211911201477,0.39719927310943604,-0.2290889471769333,0.3079788088798523,0.39719927310943604
1607155206.9036124,0.4768549561500549,-0.2600728631019592,0.4052996337413788,-0.12314504384994507,0.33992713689804077,0.4052996337413788
1607155207.1044009,0.4768549561500549,-0.2600728631019592,0.4052996337413788,-0.12314504384994507,0.33992713689804077,0.4052996337413788
1607155207.3094935,0.5643321856856346,-0.26853359341621397,0.40948453545570374,-0.03566781431436539,0.331466406583786,0.40948453545570374
1607155207.5149,0.5643321856856346,-0.26853359341621397,0.40948453545570374,-0.03566781431436539,0.331466406583786,0.40948453545570374
1607155207.717659,0.5466136917471885,-0.28134856224060056,0.40988877415657043,-0.05338630825281143,0.3186514377593994,0.40988877415657043
1607155207.9232917,0.5466136917471885,-0.28134856224060056,0.40988877415657043,-0.05338630825281143,0.3186514377593994,0.40988877415657043
1607155208.1286504,0.4545955866575241,-0.28732252717018125,0.41003090143203735,-0.1454044133424759,0.3126774728298187,0.41003090143203735
1607155208.3313315,0.4545955866575241,-0.28732252717018125,0.41003090143203735,-0.1454044133424759,0.3126774728298187,0.41003090143203735
1607155208.536699,0.33324498534202573,-0.2951690018177032,0.39945077896118164,-0.26675501465797424,0.30483099818229675,0.39945077896118164
1607155208.7878265,0.33324498534202573,-0.2951690018177032,0.39945077896118164,-0.26675501465797424,0.30483099818229675,0.39945077896118164
1607155208.94124,0.3020759880542755,-0.3215715646743774,0.38930022716522217,-0.2979240119457245,0.27842843532562256,0.38930022716522217
1607155209.143971,0.29539690017700193,-0.29782903790473936,0.3946308195590973,-0.30460309982299805,0.3021709620952606,0.3946308195590973
1607155209.3464231,0.29539690017700193,-0.29782903790473936,0.3946308195590973,-0.30460309982299805,0.3021709620952606,0.3946308195590973
1607155209.624566,0.29539690017700193,-0.29782903790473936,0.3946308195590973,-0.30460309982299805,0.3021709620952606,0.3946308195590973
1607155209.7600782,0.29018346071243284,-0.27837971448898313,0.4080628454685211,-0.30981653928756714,0.32162028551101685,0.4080628454685211
1607155210.0083876,0.2844910681247711,-0.1825403034687042,0.4067852795124054,-0.3155089318752289,0.4174596965312958,0.4067852795124054
1607155210.1652148,0.2844910681247711,-0.1825403034687042,0.4067852795124054,-0.3155089318752289,0.4174596965312958,0.4067852795124054
1607155210.371273,0.2844910681247711,-0.1825403034687042,0.4067852795124054,-0.3155089318752289,0.4174596965312958,0.4067852795124054
1607155210.5765862,0.28249717354774473,0.060254478454589866,0.3870329260826111,-0.31750282645225525,0.6602544784545898,0.3870329260826111
1607155210.7801847,0.29320467114448545,-0.017771100997924782,0.3956332504749298,-0.3067953288555145,0.5822288990020752,0.3956332504749298
1607155210.9808373,0.29320467114448545,-0.017771100997924782,0.3956332504749298,-0.3067953288555145,0.5822288990020752,0.3956332504749298
1607155211.184951,0.2974196434020996,-0.26687649488449094,0.4065936803817749,-0.3025803565979004,0.33312350511550903,0.4065936803817749
1607155211.3891504,0.2974196434020996,-0.26687649488449094,0.4065936803817749,-0.3025803565979004,0.33312350511550903,0.4065936803817749
1607155211.7553384,0.2781646907329559,-0.3700739204883575,0.40527647733688354,-0.32183530926704407,0.22992607951164246,0.40527647733688354
1607155211.8003209,0.2781646907329559,-0.3700739204883575,0.40527647733688354,-0.32183530926704407,0.22992607951164246,0.40527647733688354
1607155212.0286536,0.2781646907329559,-0.3700739204883575,0.40527647733688354,-0.32183530926704407,0.22992607951164246,0.40527647733688354
1607155212.2191637,0.2781646907329559,-0.3700739204883575,0.40527647733688354,-0.32183530926704407,0.22992607951164246,0.40527647733688354
1607155212.4192238,0.2781646907329559,-0.3700739204883575,0.40527647733688354,-0.32183530926704407,0.22992607951164246,0.40527647733688354
1607155212.624595,0.2781646907329559,-0.3700739204883575,0.40527647733688354,-0.32183530926704407,0.22992607951164246,0.40527647733688354
1607155212.8299088,0.2781646907329559,-0.3700739204883575,0.40527647733688354,-0.32183530926704407,0.22992607951164246,0.40527647733688354
1607155213.0353158,0.2781646907329559,-0.3700739204883575,0.40527647733688354,-0.32183530926704407,0.22992607951164246,0.40527647733688354
1607155213.2407408,0.2781646907329559,-0.3700739204883575,0.40527647733688354,-0.32183530926704407,0.22992607951164246,0.40527647733688354
1607155213.4460368,0.2781646907329559,-0.3700739204883575,0.40527647733688354,-0.32183530926704407,0.22992607951164246,0.40527647733688354
1607155213.6513743,0.2781646907329559,-0.3700739204883575,0.40527647733688354,-0.32183530926704407,0.22992607951164246,0.40527647733688354
1607155213.8567157,0.2781646907329559,-0.3700739204883575,0.40527647733688354,-0.32183530926704407,0.22992607951164246,0.40527647733688354
1607155214.0620725,0.2781646907329559,-0.3700739204883575,0.40527647733688354,-0.32183530926704407,0.22992607951164246,0.40527647733688354
1607155214.2674773,0.2781646907329559,-0.3700739204883575,0.40527647733688354,-0.32183530926704407,0.22992607951164246,0.40527647733688354
1607155214.4729104,0.2781646907329559,-0.3700739204883575,0.40527647733688354,-0.32183530926704407,0.22992607951164246,0.40527647733688354
1607155214.6782055,0.2781646907329559,-0.3700739204883575,0.40527647733688354,-0.32183530926704407,0.22992607951164246,0.40527647733688354
1607155214.8835416,0.2781646907329559,-0.3700739204883575,0.40527647733688354,-0.32183530926704407,0.22992607951164246,0.40527647733688354
1607155215.0889702,0.2781646907329559,-0.3700739204883575,0.40527647733688354,-0.32183530926704407,0.22992607951164246,0.40527647733688354
1607155215.29433,0.2781646907329559,-0.3700739204883575,0.40527647733688354,-0.32183530926704407,0.22992607951164246,0.40527647733688354
1607155215.4995925,0.2781646907329559,-0.3700739204883575,0.40527647733688354,-0.32183530926704407,0.22992607951164246,0.40527647733688354
1607155215.6998281,0.2781646907329559,-0.3700739204883575,0.40527647733688354,-0.32183530926704407,0.22992607951164246,0.40527647733688354
1607155215.908234,0.2781646907329559,-0.3700739204883575,0.40527647733688354,-0.32183530926704407,0.22992607951164246,0.40527647733688354
