1607155191.6248097,-0.5900806486606598,0.8679473578929902,0.23182593286037445,-0.09008064866065979,0.06794735789299011,0.23182593286037445
1607155191.8621893,-0.5900806486606598,0.8679473578929902,0.23182593286037445,-0.09008064866065979,0.06794735789299011,0.23182593286037445
1607155192.0342116,-0.49610951682552695,0.7932126835919917,0.3701578676700592,0.0038904831744730473,-0.006787316408008337,0.3701578676700592
1607155192.2347264,-0.49610951682552695,0.7932126835919917,0.3701578676700592,0.0038904831744730473,-0.006787316408008337,0.3701578676700592
1607155192.4401112,-0.46522004902362823,0.7388736188411713,0.42448627948760986,0.034779950976371765,-0.061126381158828735,0.42448627948760986
1607155192.6427586,-0.46522004902362823,0.7388736188411713,0.42448627948760986,0.034779950976371765,-0.061126381158828735,0.42448627948760986
1607155192.8972497,-0.5400680564343929,0.8161587838083506,0.42455801367759705,-0.04006805643439293,0.016158783808350563,0.42455801367759705
1607155193.060579,-0.5400680564343929,0.8161587838083506,0.42455801367759705,-0.04006805643439293,0.016158783808350563,0.42455801367759705
1607155193.2664223,-0.4719643108546734,0.8744526684284211,0.43450117111206055,0.028035689145326614,0.07445266842842102,0.43450117111206055
1607155193.469621,-0.4719643108546734,0.8744526684284211,0.43450117111206055,0.028035689145326614,0.07445266842842102,0.43450117111206055
1607155193.6722524,-0.2106921672821045,0.8662735998630524,0.44566279649734497,0.2893078327178955,0.06627359986305237,0.44566279649734497
1607155193.8754735,-0.2106921672821045,0.8662735998630524,0.44566279649734497,0.2893078327178955,0.06627359986305237,0.44566279649734497
1607155194.086561,0.008461296558380127,0.8717318877577782,0.4325576722621918,0.5084612965583801,0.07173188775777817,0.4325576722621918
1607155194.3079338,0.008461296558380127,0.8717318877577782,0.4325576722621918,0.5084612965583801,0.07173188775777817,0.4325576722621918
1607155194.5348155,-0.16874927282333374,0.8775258094072342,0.42256590723991394,0.33125072717666626,0.07752580940723419,0.42256590723991394
1607155194.7003834,-0.16874927282333374,0.8775258094072342,0.42256590723991394,0.33125072717666626,0.07752580940723419,0.42256590723991394
1607155194.905757,-0.49774068780243397,0.856878998875618,0.4425622820854187,0.0022593121975660324,0.05687899887561798,0.4425622820854187
1607155195.1111364,-0.49774068780243397,0.856878998875618,0.4425622820854187,0.0022593121975660324,0.05687899887561798,0.4425622820854187
1607155195.3159018,-0.628728911280632,0.8575717277824879,0.4467353820800781,-0.12872891128063202,0.05757172778248787,0.4467353820800781
1607155195.5194485,-0.628728911280632,0.8575717277824879,0.4467353820800781,-0.12872891128063202,0.05757172778248787,0.4467353820800781
1607155195.7462893,-0.5239352397620678,0.8739637464284897,0.4383936822414398,-0.023935239762067795,0.07396374642848969,0.4383936822414398
1607155195.966082,-0.5239352397620678,0.8739637464284897,0.4383936822414398,-0.023935239762067795,0.07396374642848969,0.4383936822414398
1607155196.1292458,-0.22841081023216248,0.8731677860021592,0.4386850893497467,0.2715891897678375,0.07316778600215912,0.4386850893497467
1607155196.355004,-0.22841081023216248,0.8731677860021592,0.4386850893497467,0.2715891897678375,0.07316778600215912,0.4386850893497467
1607155196.5569556,-0.1723305583000183,0.8576322227716446,0.42848944664001465,0.3276694416999817,0.05763222277164459,0.42848944664001465
1607155196.7376518,-0.17303842028408983,0.858764945482916,0.42848944664001465,0.3276694416999817,0.05763222277164459,0.42848944664001465
1607155196.9553487,-0.3877592053061897,0.8673401875408673,0.44151341915130615,0.11831185221672058,0.057626061141490936,0.44151341915130615
1607155197.1603556,-0.3976246668345311,0.8831251726667688,0.44151341915130615,0.11831185221672058,0.057626061141490936,0.44151341915130615
1607155197.3675559,-0.6004094210177331,0.9101456389714158,0.433865487575531,-0.0697614997625351,0.061107926070690155,0.433865487575531
1607155197.611705,-0.619699013381481,0.9410092739816012,0.433865487575531,-0.0697614997625351,0.061107926070690155,0.433865487575531
1607155197.8087692,-0.6325170464525627,0.984494341045143,0.4265192747116089,-0.058960217982530594,0.06680219620466232,0.4265192747116089
1607155197.996397,-0.4085467916947923,1.0135768954851958,0.4169788360595703,0.19361306726932526,0.050119511783123016,0.4169788360595703
1607155198.243767,-0.4453548748796392,1.0724699621730907,0.4169788360595703,0.19361306726932526,0.050119511783123016,0.4169788360595703
1607155198.501212,-0.48364797943077387,1.133739382134081,0.4169788360595703,0.19361306726932526,0.050119511783123016,0.4169788360595703
1607155198.6152122,-0.451153088714932,1.1559537372770592,0.3987753391265869,0.26894742250442505,0.0037901352625340223,0.3987753391265869
1607155198.8210132,-0.6863502553261469,1.143576902433415,0.4140699505805969,0.0816216915845871,-0.08518100529909134,0.4140699505805969
1607155199.0225022,-0.7377730371403415,1.2258534062770245,0.4140699505805969,0.0816216915845871,-0.08518100529909134,0.4140699505805969
1607155199.255575,-0.7948336949528646,1.3171503715217114,0.4140699505805969,0.0816216915845871,-0.08518100529909134,0.4140699505805969
1607155199.4331825,-0.8961448525733431,1.3086119201761903,0.42078670859336853,0.04203961044549942,-0.19248607754707336,0.42078670859336853
1607155199.6368186,-0.8357579112052917,1.2567465364933015,0.42025333642959595,0.16424208879470825,-0.3432534635066986,0.42025333642959595
1607155199.8406587,-0.8357579112052917,1.2567465364933015,0.42025333642959595,0.16424208879470825,-0.3432534635066986,0.42025333642959595
1607155200.0454795,-0.5751786231994629,1.0943104386329652,0.4167504906654358,0.4248213768005371,-0.5056895613670349,0.4167504906654358
1607155200.249241,-0.5751786231994629,1.0943104386329652,0.4167504906654358,0.4248213768005371,-0.5056895613670349,0.4167504906654358
1607155200.4535234,-0.2845122814178467,0.9336888551712037,0.3945576846599579,0.7154877185821533,-0.6663111448287964,0.3945576846599579
1607155200.6589258,-0.2845122814178467,0.9336888551712037,0.3945576846599579,0.7154877185821533,-0.6663111448287964,0.3945576846599579
1607155200.864459,-0.3739967346191406,0.853926694393158,0.40323156118392944,0.6260032653808594,-0.746073305606842,0.40323156118392944
1607155201.0663188,-0.3739967346191406,0.853926694393158,0.40323156118392944,0.6260032653808594,-0.746073305606842,0.40323156118392944
1607155201.2707057,-0.5641614496707916,0.846232569217682,0.41099119186401367,0.4358385503292084,-0.7537674307823181,0.41099119186401367
1607155201.4737303,-0.5641614496707916,0.846232569217682,0.41099119186401367,0.4358385503292084,-0.7537674307823181,0.41099119186401367
1607155201.674338,-0.5999358296394348,0.8492364645004273,0.40820592641830444,0.4000641703605652,-0.7507635354995728,0.40820592641830444
1607155201.8758059,-0.5999358296394348,0.8492364645004273,0.40820592641830444,0.4000641703605652,-0.7507635354995728,0.40820592641830444
1607155202.1137836,-0.5830627977848053,0.854748284816742,0.4102734625339508,0.4169372022151947,-0.7452517151832581,0.4102734625339508
1607155202.318932,-0.5830627977848053,0.854748284816742,0.4102734625339508,0.4169372022151947,-0.7452517151832581,0.4102734625339508
1607155202.5213966,-0.5957625210285187,0.8673636078834535,0.40738528966903687,0.4042374789714813,-0.7326363921165466,0.40738528966903687
1607155202.7272031,-0.5957625210285187,0.8673636078834535,0.40738528966903687,0.4042374789714813,-0.7326363921165466,0.40738528966903687
1607155202.9919398,-0.6029676795005798,0.8790511846542359,0.401348739862442,0.39703232049942017,-0.7209488153457642,0.401348739862442
1607155203.136844,-0.6029676795005798,0.8790511846542359,0.401348739862442,0.39703232049942017,-0.7209488153457642,0.401348739862442
1607155203.339146,-0.5954940319061279,0.9100785017013551,0.3976677656173706,0.40450596809387207,-0.689921498298645,0.3976677656173706
1607155203.5406544,-0.5954940319061279,0.9100785017013551,0.3976677656173706,0.40450596809387207,-0.689921498298645,0.3976677656173706
1607155203.7451372,-0.5933356583118439,0.893752133846283,0.40021654963493347,0.40666434168815613,-0.706247866153717,0.40021654963493347
1607155203.9489436,-0.5933356583118439,0.893752133846283,0.40021654963493347,0.40666434168815613,-0.706247866153717,0.40021654963493347
1607155204.170616,-0.5979461669921875,0.8759538888931275,0.40345674753189087,0.4020538330078125,-0.7240461111068726,0.40345674753189087
1607155204.3815641,-0.5979461669921875,0.8759538888931275,0.40345674753189087,0.4020538330078125,-0.7240461111068726,0.40345674753189087
1607155204.5624065,-0.5960690081119537,0.8754878997802735,0.3986254632472992,0.40393099188804626,-0.7245121002197266,0.3986254632472992
1607155204.7664614,-0.5912218689918518,0.876447892189026,0.39556244015693665,0.4087781310081482,-0.7235521078109741,0.39556244015693665
1607155204.9773932,-0.5912218689918518,0.876447892189026,0.39556244015693665,0.4087781310081482,-0.7235521078109741,0.39556244015693665
1607155205.1793475,-0.5912218689918518,0.876447892189026,0.39556244015693665,0.4087781310081482,-0.7235521078109741,0.39556244015693665
1607155205.3842611,-0.594883531332016,0.8756352424621583,0.3959425091743469,0.405116468667984,-0.7243647575378418,0.3959425091743469
1607155205.6215565,-0.594883531332016,0.8756352424621583,0.3959425091743469,0.405116468667984,-0.7243647575378418,0.3959425091743469
1607155205.7908332,-0.5978688895702362,0.8724256515502931,0.402421236038208,0.4021311104297638,-0.727574348449707,0.402421236038208
1607155205.9919982,-0.5978688895702362,0.8724256515502931,0.402421236038208,0.4021311104297638,-0.727574348449707,0.402421236038208
1607155206.1924803,-0.5652370452880859,0.8683576345443726,0.39856964349746704,0.43476295471191406,-0.7316423654556274,0.39856964349746704
1607155206.4008553,-0.5652370452880859,0.8683576345443726,0.39856964349746704,0.43476295471191406,-0.7316423654556274,0.39856964349746704
1607155206.5961344,-0.4758566617965698,0.8550578713417054,0.40065181255340576,0.5241433382034302,-0.7449421286582947,0.40065181255340576
1607155206.8018825,-0.4758566617965698,0.8550578713417054,0.40065181255340576,0.5241433382034302,-0.7449421286582947,0.40065181255340576
1607155207.0128074,-0.35551923513412476,0.8446089386940003,0.40404394268989563,0.6444807648658752,-0.7553910613059998,0.40404394268989563
1607155207.2289393,-0.3072494864463806,0.8550657391548158,0.40472111105918884,0.6927505135536194,-0.7449342608451843,0.40472111105918884
1607155207.4641464,-0.3072494864463806,0.8550657391548158,0.40472111105918884,0.6927505135536194,-0.7449342608451843,0.40472111105918884
1607155207.6958616,-0.3950193524360657,0.8654486298561097,0.39996594190597534,0.6049806475639343,-0.7345513701438904,0.39996594190597534
1607155207.8679433,-0.3950193524360657,0.8654486298561097,0.39996594190597534,0.6049806475639343,-0.7345513701438904,0.39996594190597534
1607155208.0732973,-0.5259400010108948,0.8757872939109803,0.4099142253398895,0.4740599989891052,-0.7242127060890198,0.4099142253398895
1607155208.2781951,-0.5259400010108948,0.8757872939109803,0.4099142253398895,0.4740599989891052,-0.7242127060890198,0.4099142253398895
1607155208.4791572,-0.5850203931331635,0.8685109972953797,0.41215211153030396,0.41497960686683655,-0.7314890027046204,0.41215211153030396
1607155208.6802914,-0.5850203931331635,0.8685109972953797,0.41215211153030396,0.41497960686683655,-0.7314890027046204,0.41215211153030396
1607155208.8927894,-0.5850203931331635,0.8685109972953797,0.41215211153030396,0.41497960686683655,-0.7314890027046204,0.41215211153030396
1607155209.1163309,-0.5891940891742706,0.8741400003433228,0.3964579105377197,0.41080591082572937,-0.7258599996566772,0.3964579105377197
1607155209.3202407,-0.5921319723129272,0.8875477671623231,0.4019086956977844,0.40786802768707275,-0.712452232837677,0.4019086956977844
1607155209.5240922,-0.5921319723129272,0.8875477671623231,0.4019086956977844,0.40786802768707275,-0.712452232837677,0.4019086956977844
1607155209.7287734,-0.6020682156085968,0.8792831659317017,0.40163692831993103,0.3979317843914032,-0.7207168340682983,0.40163692831993103
1607155209.9309163,-0.6020682156085968,0.8792831659317017,0.40163692831993103,0.3979317843914032,-0.7207168340682983,0.40163692831993103
1607155210.1823988,-0.6070793867111206,0.9155822157859803,0.3972376585006714,0.3929206132888794,-0.6844177842140198,0.3972376585006714
1607155210.3388414,-0.6070793867111206,0.9155822157859803,0.3972376585006714,0.3929206132888794,-0.6844177842140198,0.3972376585006714
1607155210.5447848,-0.60638028383255,1.1705484747886659,0.3866172134876251,0.39361971616744995,-0.42945152521133423,0.3866172134876251
1607155210.7501616,-0.60638028383255,1.1705484747886659,0.3866172134876251,0.39361971616744995,-0.42945152521133423,0.3866172134876251
1607155210.9966755,-0.615954577922821,1.1859498083591462,0.3809044361114502,0.38404542207717896,-0.4140501916408539,0.3809044361114502
1607155211.158575,-0.615954577922821,1.1859498083591462,0.3809044361114502,0.38404542207717896,-0.4140501916408539,0.3809044361114502
1607155211.3617983,-0.5928980708122253,0.9327966332435609,0.4058581292629242,0.40710192918777466,-0.6672033667564392,0.4058581292629242
1607155211.564657,-0.5928980708122253,0.9327966332435609,0.4058581292629242,0.40710192918777466,-0.6672033667564392,0.4058581292629242
1607155211.9236066,-0.5857042670249939,0.789500391483307,0.40911704301834106,0.4142957329750061,-0.8104996085166931,0.40911704301834106
1607155211.9759169,-0.5857042670249939,0.789500391483307,0.40911704301834106,0.4142957329750061,-0.8104996085166931,0.40911704301834106
1607155212.1813443,-0.5857042670249939,0.789500391483307,0.40911704301834106,0.4142957329750061,-0.8104996085166931,0.40911704301834106
1607155212.3867214,-0.5857042670249939,0.789500391483307,0.40911704301834106,0.4142957329750061,-0.8104996085166931,0.40911704301834106
1607155212.5920062,-0.5857042670249939,0.789500391483307,0.40911704301834106,0.4142957329750061,-0.8104996085166931,0.40911704301834106
1607155212.7972648,-0.5857042670249939,0.789500391483307,0.40911704301834106,0.4142957329750061,-0.8104996085166931,0.40911704301834106
1607155213.0026221,-0.5857042670249939,0.789500391483307,0.40911704301834106,0.4142957329750061,-0.8104996085166931,0.40911704301834106
1607155213.2080638,-0.5857042670249939,0.789500391483307,0.40911704301834106,0.4142957329750061,-0.8104996085166931,0.40911704301834106
1607155213.4133565,-0.5857042670249939,0.789500391483307,0.40911704301834106,0.4142957329750061,-0.8104996085166931,0.40911704301834106
1607155213.6187255,-0.5857042670249939,0.789500391483307,0.40911704301834106,0.4142957329750061,-0.8104996085166931,0.40911704301834106
1607155213.8240907,-0.5857042670249939,0.789500391483307,0.40911704301834106,0.4142957329750061,-0.8104996085166931,0.40911704301834106
1607155214.0293517,-0.5857042670249939,0.789500391483307,0.40911704301834106,0.4142957329750061,-0.8104996085166931,0.40911704301834106
1607155214.2347116,-0.5857042670249939,0.789500391483307,0.40911704301834106,0.4142957329750061,-0.8104996085166931,0.40911704301834106
1607155214.4401913,-0.5857042670249939,0.789500391483307,0.40911704301834106,0.4142957329750061,-0.8104996085166931,0.40911704301834106
1607155214.6406763,-0.5857042670249939,0.789500391483307,0.40911704301834106,0.4142957329750061,-0.8104996085166931,0.40911704301834106
1607155214.8510022,-0.5857042670249939,0.789500391483307,0.40911704301834106,0.4142957329750061,-0.8104996085166931,0.40911704301834106
1607155215.051026,-0.5857042670249939,0.789500391483307,0.40911704301834106,0.4142957329750061,-0.8104996085166931,0.40911704301834106
1607155215.2563016,-0.5857042670249939,0.789500391483307,0.40911704301834106,0.4142957329750061,-0.8104996085166931,0.40911704301834106
1607155215.4617193,-0.5857042670249939,0.789500391483307,0.40911704301834106,0.4142957329750061,-0.8104996085166931,0.40911704301834106
1607155215.6670907,-0.5857042670249939,0.789500391483307,0.40911704301834106,0.4142957329750061,-0.8104996085166931,0.40911704301834106
1607155215.872471,-0.5857042670249939,0.789500391483307,0.40911704301834106,0.4142957329750061,-0.8104996085166931,0.40911704301834106
1607155216.0778146,-0.5857042670249939,0.789500391483307,0.40911704301834106,0.4142957329750061,-0.8104996085166931,0.40911704301834106
1607155216.2831504,-0.5857042670249939,0.789500391483307,0.40911704301834106,0.4142957329750061,-0.8104996085166931,0.40911704301834106
