1607155191.7349215,0.2879579413682222,0.2871104508638382,0.18523339927196503,-0.012042058631777763,-0.012889549136161804,0.18523339927196503
1607155191.9372375,0.3330395773053169,0.28560406640172004,0.3907984793186188,0.033039577305316925,-0.014395933598279953,0.3907984793186188
1607155192.14964,0.3330395773053169,0.28560406640172004,0.3907984793186188,0.033039577305316925,-0.014395933598279953,0.3907984793186188
1607155192.3499606,0.31422795839607714,0.28882328532636165,0.3955656588077545,0.014227958396077156,-0.011176714673638344,0.3955656588077545
1607155192.5534282,0.31422795839607714,0.28882328532636165,0.3955656588077545,0.014227958396077156,-0.011176714673638344,0.3955656588077545
1607155192.78889,0.3070759719237685,0.24306061044335364,0.4035762548446655,0.00707597192376852,-0.05693938955664635,0.4035762548446655
1607155192.958987,0.3070759719237685,0.24306061044335364,0.4035762548446655,0.00707597192376852,-0.05693938955664635,0.4035762548446655
1607155193.1633108,0.4280315816402435,0.27179287299513816,0.4220670461654663,0.12803158164024353,-0.02820712700486183,0.4220670461654663
1607155193.3660033,0.4280315816402435,0.27179287299513816,0.4220670461654663,0.12803158164024353,-0.02820712700486183,0.4220670461654663
1607155193.5689538,0.6917811810970307,0.30618046382442116,0.4289986491203308,0.39178118109703064,0.006180463824421167,0.4289986491203308
1607155193.7704554,0.6917811810970307,0.30618046382442116,0.4289986491203308,0.39178118109703064,0.006180463824421167,0.4289986491203308
1607155193.9717534,0.9481398344039917,0.30315345381386577,0.42633360624313354,0.6481398344039917,0.003153453813865781,0.42633360624313354
1607155194.1734407,0.9481398344039917,0.30315345381386577,0.42633360624313354,0.6481398344039917,0.003153453813865781,0.42633360624313354
1607155194.3746123,0.8193879008293152,0.284641557559371,0.4205292761325836,0.5193879008293152,-0.015358442440629005,0.4205292761325836
1607155194.5793686,0.8193879008293152,0.284641557559371,0.4205292761325836,0.5193879008293152,-0.015358442440629005,0.4205292761325836
1607155194.782452,0.45858100354671477,0.2755637291818857,0.43276849389076233,0.15858100354671478,-0.02443627081811428,0.43276849389076233
1607155195.0337045,0.45858100354671477,0.2755637291818857,0.43276849389076233,0.15858100354671478,-0.02443627081811428,0.43276849389076233
1607155195.1927614,0.29362373212352394,0.27839808650314807,0.4395065903663635,-0.006376267876476049,-0.02160191349685192,0.4395065903663635
1607155195.3967612,0.29362373212352394,0.27839808650314807,0.4395065903663635,-0.006376267876476049,-0.02160191349685192,0.4395065903663635
1607155195.5986142,0.3241735875606537,0.2752623029053211,0.42402294278144836,0.024173587560653687,-0.02473769709467888,0.42402294278144836
1607155195.8929255,0.3241735875606537,0.2752623029053211,0.42402294278144836,0.024173587560653687,-0.02473769709467888,0.42402294278144836
1607155196.0031033,0.5960231006145478,0.28452831991016864,0.43323445320129395,0.29602310061454773,-0.015471680089831352,0.43323445320129395
1607155196.3284948,0.5960231006145478,0.28452831991016864,0.43323445320129395,0.29602310061454773,-0.015471680089831352,0.43323445320129395
1607155196.411328,0.5960231006145478,0.28452831991016864,0.43323445320129395,0.29602310061454773,-0.015471680089831352,0.43323445320129395
1607155196.6158326,0.6766453862190247,0.29648541607894,0.4217056930065155,0.37664538621902466,-0.003514583921059966,0.4217056930065155
1607155196.817134,0.5594203322327378,0.29008147956237923,0.43045565485954285,0.2591947615146637,-0.010144110769033432,0.43045565485954285
1607155197.0209846,0.5619236503601333,0.2925848417461585,0.43045565485954285,0.2591947615146637,-0.010144110769033432,0.43045565485954285
1607155197.2262647,0.4144903730913503,0.29041339317250464,0.4301491677761078,0.10644228756427765,-0.017634879797697067,0.4301491677761078
1607155197.4932585,0.4225025908062965,0.2984256110027237,0.4301491677761078,0.10644228756427765,-0.017634879797697067,0.4301491677761078
1607155197.6341271,0.3899271241790776,0.3165822453103904,0.4194190800189972,0.06297274678945541,-0.010372460819780827,0.4194190800189972
1607155197.8347878,0.4032986952069526,0.32995387221205874,0.4194190800189972,0.06297274678945541,-0.010372460819780827,0.4194190800189972
1607155198.0401447,0.7179322950649767,0.33549606487718125,0.422575443983078,0.36114242672920227,-0.021294301375746727,0.422575443983078
1607155198.2650204,0.7370511294071567,0.3546150009498281,0.422575443983078,0.36114242672920227,-0.021294301375746727,0.422575443983078
1607155198.5325048,0.8091860652805907,0.35290126456645793,0.4029829800128937,0.4112582802772522,-0.04502725601196289,0.4029829800128937
1607155198.6534178,0.8339470802973967,0.3776624283307399,0.4029829800128937,0.4112582802772522,-0.04502725601196289,0.4029829800128937
1607155198.8588274,0.5243536044552457,0.3894556822401076,0.41616904735565186,0.07398729026317596,-0.06091157719492912,0.41616904735565186
1607155199.0605202,0.37875440006933064,0.39700809984014995,0.42132291197776794,-0.10153008997440338,-0.08327724039554596,0.42132291197776794
1607155199.2612,0.4112078583950354,0.42946207322193003,0.42132291197776794,-0.10153008997440338,-0.08327724039554596,0.42132291197776794
1607155199.482028,0.4481746712026582,0.46642821683587954,0.42132291197776794,-0.10153008997440338,-0.08327724039554596,0.42132291197776794
1607155199.6988235,0.47250555478315925,0.4421077571753983,0.4181521534919739,-0.11585666239261627,-0.1462552547454834,0.4181521534919739
1607155199.918759,0.4841433376073837,0.4537447452545166,0.4181521534919739,-0.11585666239261627,-0.1462552547454834,0.4181521534919739
1607155200.082078,0.5879901381209492,0.4048717975616455,0.4110180139541626,-0.012009861879050732,-0.1951282024383545,0.4110180139541626
1607155200.2874496,0.5879901381209492,0.4048717975616455,0.4110180139541626,-0.012009861879050732,-0.1951282024383545,0.4110180139541626
1607155200.4923108,0.7522641032934189,0.3616789788007736,0.412126749753952,0.15226410329341888,-0.23832102119922638,0.412126749753952
1607155200.6970541,0.7522641032934189,0.3616789788007736,0.412126749753952,0.15226410329341888,-0.23832102119922638,0.412126749753952
1607155200.9025514,0.5683628156781196,0.3022574245929718,0.4003923833370209,-0.03163718432188034,-0.2977425754070282,0.4003923833370209
1607155201.1036685,0.3097445428371429,0.26749674081802366,0.4073781371116638,-0.29025545716285706,-0.3325032591819763,0.4073781371116638
1607155201.3091137,0.3097445428371429,0.26749674081802366,0.4073781371116638,-0.29025545716285706,-0.3325032591819763,0.4073781371116638
1607155201.5104334,0.3097445428371429,0.26749674081802366,0.4073781371116638,-0.29025545716285706,-0.3325032591819763,0.4073781371116638
1607155201.7197192,0.28239608407020567,0.26637462377548216,0.4074276387691498,-0.3176039159297943,-0.3336253762245178,0.4074276387691498
1607155201.9216328,0.2940520107746124,0.2827122569084167,0.41437414288520813,-0.3059479892253876,-0.31728774309158325,0.41437414288520813
1607155202.1241248,0.2940520107746124,0.2827122569084167,0.41437414288520813,-0.3059479892253876,-0.31728774309158325,0.41437414288520813
1607155202.3451436,0.2940520107746124,0.2827122569084167,0.41437414288520813,-0.3059479892253876,-0.31728774309158325,0.41437414288520813
1607155202.547322,0.25895277261734007,0.3073412537574768,0.40827804803848267,-0.3410472273826599,-0.2926587462425232,0.40827804803848267
1607155202.737537,0.2710262298583984,0.308931028842926,0.41393235325813293,-0.32897377014160156,-0.291068971157074,0.41393235325813293
1607155202.939261,0.2710262298583984,0.308931028842926,0.41393235325813293,-0.32897377014160156,-0.291068971157074,0.41393235325813293
1607155203.142681,0.2915275454521179,0.3146516740322113,0.40950679779052734,-0.3084724545478821,-0.2853483259677887,0.40950679779052734
1607155203.370844,0.2915275454521179,0.3146516740322113,0.40950679779052734,-0.3084724545478821,-0.2853483259677887,0.40950679779052734
1607155203.574947,0.29269827008247373,0.3294899821281433,0.40572112798690796,-0.30730172991752625,-0.2705100178718567,0.40572112798690796
1607155203.7562184,0.29269827008247373,0.3294899821281433,0.40572112798690796,-0.30730172991752625,-0.2705100178718567,0.40572112798690796
1607155203.9602985,0.28931436538696287,0.30454174280166624,0.4034961462020874,-0.3106856346130371,-0.29545825719833374,0.4034961462020874
1607155204.164791,0.28931436538696287,0.30454174280166624,0.4034961462020874,-0.3106856346130371,-0.29545825719833374,0.4034961462020874
1607155204.3649619,0.30128747820854185,0.2842131912708282,0.4082781970500946,-0.29871252179145813,-0.31578680872917175,0.4082781970500946
1607155204.5765066,0.30128747820854185,0.2842131912708282,0.4082781970500946,-0.29871252179145813,-0.31578680872917175,0.4082781970500946
1607155204.7723646,0.27913800477981565,0.27225649952888487,0.3994418978691101,-0.3208619952201843,-0.3277435004711151,0.3994418978691101
1607155205.0053384,0.27913800477981565,0.27225649952888487,0.3994418978691101,-0.3208619952201843,-0.3277435004711151,0.3994418978691101
1607155205.20013,0.2731171607971191,0.2718357503414154,0.3968013823032379,-0.32688283920288086,-0.3281642496585846,0.3968013823032379
1607155205.3898783,0.2731171607971191,0.2718357503414154,0.3968013823032379,-0.32688283920288086,-0.3281642496585846,0.3968013823032379
1607155205.5952768,0.2907302141189575,0.26950172185897825,0.40024304389953613,-0.3092697858810425,-0.33049827814102173,0.40024304389953613
1607155205.7965915,0.2907302141189575,0.26950172185897825,0.40024304389953613,-0.3092697858810425,-0.33049827814102173,0.40024304389953613
1607155206.002289,0.29691953063011167,0.30351961255073545,0.3976288437843323,-0.3030804693698883,-0.2964803874492645,0.3976288437843323
1607155206.2037368,0.29691953063011167,0.30351961255073545,0.3976288437843323,-0.3030804693698883,-0.2964803874492645,0.3976288437843323
1607155206.4122279,0.31175792813301084,0.29998779892921446,0.4082654118537903,-0.28824207186698914,-0.3000122010707855,0.4082654118537903
1607155206.6127708,0.31175792813301084,0.29998779892921446,0.4082654118537903,-0.28824207186698914,-0.3000122010707855,0.4082654118537903
1607155206.8180356,0.4161257058382034,0.2883922815322876,0.4082002341747284,-0.18387429416179657,-0.3116077184677124,0.4082002341747284
1607155207.0886161,0.4161257058382034,0.2883922815322876,0.4082002341747284,-0.18387429416179657,-0.3116077184677124,0.4082002341747284
1607155207.2287605,0.5379653893411159,0.31527904272079466,0.39093780517578125,-0.06203461065888405,-0.2847209572792053,0.39093780517578125
1607155207.431325,0.5379653893411159,0.31527904272079466,0.39093780517578125,-0.06203461065888405,-0.2847209572792053,0.39093780517578125
1607155207.6694338,0.5379653893411159,0.31527904272079466,0.39093780517578125,-0.06203461065888405,-0.2847209572792053,0.39093780517578125
1607155207.9067585,0.557552932202816,0.2867384612560272,0.40740472078323364,-0.04244706779718399,-0.3132615387439728,0.40740472078323364
1607155208.0454328,0.4545095473527908,0.2789339780807495,0.4015049934387207,-0.14549045264720917,-0.3210660219192505,0.4015049934387207
1607155208.2498252,0.31795278787612913,0.30389282703399656,0.3916069567203522,-0.28204721212387085,-0.2961071729660034,0.3916069567203522
1607155208.451326,0.31795278787612913,0.30389282703399656,0.3916069567203522,-0.28204721212387085,-0.2961071729660034,0.3916069567203522
1607155208.6525207,0.31795278787612913,0.30389282703399656,0.3916069567203522,-0.28204721212387085,-0.2961071729660034,0.3916069567203522
1607155208.8562908,0.2844397485256195,0.2958853006362915,0.39465224742889404,-0.3155602514743805,-0.3041146993637085,0.39465224742889404
1607155209.0588226,0.2844397485256195,0.2958853006362915,0.39465224742889404,-0.3155602514743805,-0.3041146993637085,0.39465224742889404
1607155209.2597165,0.29597548246383665,0.26352343559265134,0.39592865109443665,-0.30402451753616333,-0.33647656440734863,0.39592865109443665
1607155209.4639904,0.29597548246383665,0.26352343559265134,0.39592865109443665,-0.30402451753616333,-0.33647656440734863,0.39592865109443665
1607155209.668899,0.29738215208053587,0.2974368691444397,0.39660516381263733,-0.3026178479194641,-0.3025631308555603,0.39660516381263733
1607155209.870977,0.2714486181735992,0.32387361526489256,0.40491965413093567,-0.32855138182640076,-0.2761263847351074,0.40491965413093567
1607155210.0996919,0.2714486181735992,0.32387361526489256,0.40491965413093567,-0.32855138182640076,-0.2761263847351074,0.40491965413093567
1607155210.32744,0.2714486181735992,0.32387361526489256,0.40491965413093567,-0.32855138182640076,-0.2761263847351074,0.40491965413093567
1607155210.490266,0.28458807468414304,0.6035642166621983,0.39220163226127625,-0.31541192531585693,0.003564216662198305,0.39220163226127625
1607155210.6917927,0.2734717786312103,0.687335929274559,0.37750500440597534,-0.3265282213687897,0.08733592927455902,0.37750500440597534
1607155210.8935041,0.2734717786312103,0.687335929274559,0.37750500440597534,-0.3265282213687897,0.08733592927455902,0.37750500440597534
1607155211.099179,0.27125788331031797,0.45315501689910886,0.40790700912475586,-0.328742116689682,-0.1468449831008911,0.40790700912475586
1607155211.3196225,0.27125788331031797,0.45315501689910886,0.40790700912475586,-0.328742116689682,-0.1468449831008911,0.40790700912475586
1607155211.5857797,0.27125788331031797,0.45315501689910886,0.40790700912475586,-0.328742116689682,-0.1468449831008911,0.40790700912475586
1607155211.7178795,0.3021568417549133,0.2681266725063324,0.4038054943084717,-0.29784315824508667,-0.3318733274936676,0.4038054943084717
1607155212.0439749,0.30714077353477476,0.21418619751930235,0.40275469422340393,-0.2928592264652252,-0.38581380248069763,0.40275469422340393
1607155212.1330512,0.30714077353477476,0.21418619751930235,0.40275469422340393,-0.2928592264652252,-0.38581380248069763,0.40275469422340393
1607155212.3385184,0.30714077353477476,0.21418619751930235,0.40275469422340393,-0.2928592264652252,-0.38581380248069763,0.40275469422340393
1607155212.5438168,0.30714077353477476,0.21418619751930235,0.40275469422340393,-0.2928592264652252,-0.38581380248069763,0.40275469422340393
1607155212.745401,0.30714077353477476,0.21418619751930235,0.40275469422340393,-0.2928592264652252,-0.38581380248069763,0.40275469422340393
1607155212.9458609,0.30714077353477476,0.21418619751930235,0.40275469422340393,-0.2928592264652252,-0.38581380248069763,0.40275469422340393
1607155213.156114,0.30714077353477476,0.21418619751930235,0.40275469422340393,-0.2928592264652252,-0.38581380248069763,0.40275469422340393
1607155213.361343,0.30714077353477476,0.21418619751930235,0.40275469422340393,-0.2928592264652252,-0.38581380248069763,0.40275469422340393
1607155213.5666084,0.30714077353477476,0.21418619751930235,0.40275469422340393,-0.2928592264652252,-0.38581380248069763,0.40275469422340393
1607155213.7720351,0.30714077353477476,0.21418619751930235,0.40275469422340393,-0.2928592264652252,-0.38581380248069763,0.40275469422340393
1607155213.9772165,0.30714077353477476,0.21418619751930235,0.40275469422340393,-0.2928592264652252,-0.38581380248069763,0.40275469422340393
1607155214.1824825,0.30714077353477476,0.21418619751930235,0.40275469422340393,-0.2928592264652252,-0.38581380248069763,0.40275469422340393
1607155214.387781,0.30714077353477476,0.21418619751930235,0.40275469422340393,-0.2928592264652252,-0.38581380248069763,0.40275469422340393
1607155214.5930235,0.30714077353477476,0.21418619751930235,0.40275469422340393,-0.2928592264652252,-0.38581380248069763,0.40275469422340393
1607155214.8033633,0.30714077353477476,0.21418619751930235,0.40275469422340393,-0.2928592264652252,-0.38581380248069763,0.40275469422340393
1607155214.9985073,0.30714077353477476,0.21418619751930235,0.40275469422340393,-0.2928592264652252,-0.38581380248069763,0.40275469422340393
1607155215.208993,0.30714077353477476,0.21418619751930235,0.40275469422340393,-0.2928592264652252,-0.38581380248069763,0.40275469422340393
1607155215.414367,0.30714077353477476,0.21418619751930235,0.40275469422340393,-0.2928592264652252,-0.38581380248069763,0.40275469422340393
1607155215.6196234,0.30714077353477476,0.21418619751930235,0.40275469422340393,-0.2928592264652252,-0.38581380248069763,0.40275469422340393
1607155215.8249671,0.30714077353477476,0.21418619751930235,0.40275469422340393,-0.2928592264652252,-0.38581380248069763,0.40275469422340393
1607155216.0303617,0.30714077353477476,0.21418619751930235,0.40275469422340393,-0.2928592264652252,-0.38581380248069763,0.40275469422340393
