1605903246.3988535,0.0,0.0,0.0,0.8980119331662083,
1605903246.633797,0.0,0.0,0.0,0.8965841841454751,
1605903246.8149583,0.0,0.0,0.0,0.8939576553385539,
1605903247.0184588,0.0,0.0,0.0,0.9009178867777529,
1605903247.223692,0.0,0.0,0.0,0.9064669616149318,
1605903247.4287176,0.0,0.0,0.0,0.90246336712205,
1605903247.6466897,0.0,0.0,0.0,0.890341356609514,
1605903247.8363228,0.0,0.0,0.0,0.8793971192786817,
1605903248.0396638,0.0,0.0,0.0,0.877441002381073,
1605903248.255033,0.0,0.0,0.0,0.8676201088582804,
1605903248.4455853,0.0,0.0,0.0,0.8663768284147129,
1605903248.6509824,0.0,0.0,0.0,0.8683924571285053,
1605903248.853695,0.0,0.0,0.0,0.8584572281603029,
1605903249.05783,0.0,0.0,0.0,0.8464841496164112,
1605903249.2784326,0.0,0.0,0.0,0.8375275362828715,
1605903249.4933646,0.0,0.0,0.0,0.8264213565628503,
1605903249.6901062,0.0,0.0,0.0,0.8052722278863405,
1605903249.8920765,0.0,0.0,0.0,0.7644559315133643,
1605903250.1077487,0.0,0.0,0.0,0.701851715437387,
1605903250.3022745,0.0,0.0,0.0,0.6837991533170468,
1605903250.5178094,0.0,0.0,0.0,0.6652492951727391,
1605903250.73012,0.0,0.0,0.0,0.636060792338688,
1605903250.9274414,0.0,0.0,0.0,0.6180371887901743,
1605903251.1604593,-0.00035108493999928586,0.001585528716276289,8.01159932582708e-05,0.5799742776503424,
1605903251.3488712,-0.0023577260622882974,0.010022985257072474,0.0005542709093702126,0.5494415922410346,
1605903251.5516975,-0.0066586076093791665,0.02730781084509372,0.0015100203990181158,0.5162127089585139,
1605903251.7529109,-0.011773040423460958,0.04671498432895694,0.002117416756653473,0.49005412285316297,
1605903251.9771273,-0.01777308469791955,0.06725225745456057,0.004050575786492824,0.4674524750719139,
1605903252.1592486,-0.02603502605349592,0.08434239561972512,0.005682705057260309,0.45031182892721,
1605903252.3606515,-0.032740044282443585,0.10481858328413506,0.006009707140069867,0.4327191388016677,
1605903252.5741167,-0.038244111856803355,0.13422712989641553,0.007392107802700841,0.4107977825689816,
1605903252.76639,-0.04600710830787047,0.169356842250409,0.0077014572487516504,0.3870651224686402,
1605903252.9717944,-0.05920823485950725,0.19243846101005455,0.012145028523302898,0.3710643921050105,
1605903253.1854048,-0.058658539432865565,0.1672270617313159,0.013604074300227502,0.38559092185594435,
1605903253.3761368,-0.040067007779713205,0.10994464838994851,0.008651319753591805,0.4269850755440634,
1605903253.5784955,-0.023417502650523937,0.0658696644604024,0.004907797531249276,0.4670248070842863,
1605903253.7973316,-0.029010456579805617,0.07938510392413513,0.005375200506198151,0.45359531191589975,
1605903253.981178,-0.07173017324293103,0.18127488133436154,0.016716852911973126,0.37450845948095035,
1605903254.1916642,-0.18489210214463048,0.40111969078843585,0.053801757311885114,0.24737842021496506,
1605903254.4005394,-0.33628715702860096,0.5455054969201182,0.0909582583674721,0.15215153421828811,
1605903254.596769,-0.3205589133548276,0.4760079199737629,0.08284529133939156,0.1849610259774799,
1605903254.7975934,-0.09304058867450901,0.1452211740416433,0.024990191358092256,0.38715089809615977,
1605903255.004415,0.0,0.0,0.0,0.6505478840277278,
1605903255.2028418,0.0,0.0,0.0,0.7823039090945789,
1605903255.406568,0.0,0.0,0.0,0.620445565689987,
1605903255.6152184,-0.33277484223825965,0.18789480050679358,0.053978420261864016,0.27442815603357074,
1605903255.8148437,-0.4178500328868586,-0.5637869041497687,0.08708320375956832,0.11961056952935537,
1605903256.019796,-0.03266261644621085,-0.40215519258416266,0.03574418526451866,0.2663091520577281,
1605903256.2225206,-0.0488033079597032,-0.17424998485905144,0.027303493916429916,0.38159057618999404,
1605903256.4232967,0.0,0.0,0.0,0.6250751919332835,
1605903256.6266003,0.0,0.0,0.0,0.9243887182364253,
1605903256.8329573,0.0,0.0,0.0,1.1298662704597549,
1605903257.0336955,0.0,0.0,0.0,1.1218829984669687,
1605903257.237691,0.0,0.0,0.0,0.9766270655708275,
1605903257.4506419,0.0,0.0,0.0,0.8245797178829692,
1605903257.641865,0.0,0.0,0.0,0.7482289734880408,
1605903257.8527036,0.0,0.0,0.0,0.7527963617356387,
1605903258.0608425,0.0,0.0,0.0,0.7710636884045021,
1605903258.2587838,0.0,0.0,0.0,0.7617498185865794,
1605903258.464119,0.0,0.0,0.0,0.7357781201468027,
1605903258.6975615,0.0,0.0,0.0,0.7106894674830037,
1605903258.886592,0.0,0.0,0.0,0.6986599185573786,
1605903259.091447,0.0,0.0,0.0,0.7059178833299513,
1605903259.3005257,0.0,0.0,0.0,0.7156129797507268,
1605903259.4989405,0.0,0.0,0.0,0.7295846802800474,
1605903259.7034535,0.0,0.0,0.0,0.7261420211598637,
1605903259.920377,0.0,0.0,0.0,0.6982641591121873,
1605903260.1205842,0.0,0.0,0.0,0.6647952780623012,
1605903260.3259742,0.0,0.0,0.0,0.6603823881543236,
1605903260.5369763,0.0,0.0,0.0,0.6740049420514763,
1605903260.73552,0.0,0.0,0.0,0.6924578748589122,
1605903260.9383512,0.0,0.0,0.0,0.6908682748669243,
1605903261.1595612,0.0,0.0,0.0,0.6803100590113317,
1605903261.3482587,0.0,0.0,0.0,0.6852004302335681,
1605903261.5564628,0.0,0.0,0.0,0.7061311198329047,
1605903261.761233,0.0,0.0,0.0,0.7362628837494494,
1605903261.969044,0.0,0.0,0.0,0.7489175626557135,
1605903262.1704893,0.0,0.0,0.0,0.741839533585563,
1605903262.3785796,0.0,0.0,0.0,0.7173271335452608,
1605903262.5877583,0.0,0.0,0.0,0.6987955402132872,
1605903262.7934253,0.0,0.0,0.0,0.6901025939075139,
1605903263.010432,0.0,0.0,0.0,0.6892554674328722,
1605903263.2212107,0.0,0.0,0.0,0.6834341653409933,
1605903263.4234102,0.0,0.0,0.0,0.6724622596335029,
1605903263.6300821,0.0,0.0,0.0,0.6697061829376809,
1605903263.8297544,0.0,0.0,0.0,0.6697765581404689,
1605903264.033678,0.0,0.0,0.0,0.6728186275097451,
1605903264.2381113,0.0,0.0,0.0,0.6932099752970773,
1605903264.4391088,0.0,0.0,0.0,0.7349742580432019,
1605903264.6494691,0.0,0.0,0.0,0.7312577875687866,
1605903264.854894,0.0,0.0,0.0,0.7177253666157206,
1605903265.0600917,0.0,0.0,0.0,0.6969865767814731,
1605903265.2643232,0.0,0.0,0.0,0.6819194197286708,
1605903265.474275,0.0,0.0,0.0,0.6755062649694624,
1605903265.6688864,0.0,0.0,0.0,0.6782225003126855,
1605903265.8733532,0.0,0.0,0.0,0.684681259946317,
1605903266.0788052,0.0,0.0,0.0,0.6951677143162858,
1605903266.2825642,0.0,0.0,0.0,0.7114683623820418,
1605903266.4866872,0.0,0.0,0.0,0.7224835608750637,
1605903266.6943054,0.0,0.0,0.0,0.7170518752048812,
1605903266.8950477,0.0,0.0,0.0,0.7288102102743234,
1605903267.099774,0.0,0.0,0.0,0.7056451092863906,
1605903267.3069944,0.0,0.0,0.0,0.6870090097430094,
1605903267.5037034,0.0,0.0,0.0,0.6761796653433713,
1605903267.7152545,0.0,0.0,0.0,0.6719443062664092,
1605903267.912173,0.0,0.0,0.0,0.6620103708192957,
1605903268.117507,0.0,0.0,0.0,0.6728216313798064,
1605903268.3222833,0.0,0.0,0.0,0.7152333465929152,
1605903268.5270517,0.0,0.0,0.0,0.6801174320674042,
1605903268.7277884,0.0,0.0,0.0,0.6880269457174986,
1605903268.9301114,0.0,0.0,0.0,0.6799388253456835,
1605903269.1398222,0.0,0.0,0.0,0.6700606307150737,
1605903269.3364763,0.0,0.0,0.0,0.6850231602632878,
1605903269.5374417,0.0,0.0,0.0,0.7253021046980747,
1605903269.7648857,0.0,0.0,0.0,0.7519899162494312,
1605903269.9508872,0.0,0.0,0.0,0.7698713922682294,
1605903270.1656492,0.0,0.0,0.0,0.7490842831868272,
1605903270.3958938,0.0,0.0,0.0,0.7364772882748775,
1605903270.5795274,0.0,0.0,0.0,0.722666926676518,
1605903270.7846475,0.0,0.0,0.0,0.6934584615663254,
1605903270.9918113,0.0,0.0,0.0,0.6757118681021015,
1605903271.1914885,0.0,0.0,0.0,0.679968240273128,
1605903271.3943856,0.0,0.0,0.0,0.7077610868427319,
1605903271.599751,0.0,0.0,0.0,0.6934343518205519,
1605903271.8031511,0.0,0.0,0.0,0.6838973121622103,
1605903272.0084832,0.0,0.0,0.0,0.6861590292115032,
1605903272.2101693,0.0,0.0,0.0,0.6927787890962612,
1605903272.4146023,0.0,0.0,0.0,0.7138538457513992,
1605903272.6264265,0.0,0.0,0.0,0.7058707017118616,
1605903272.8435292,0.0,0.0,0.0,0.6936451274003329,
1605903273.033514,0.0,0.0,0.0,0.699367535587681,
1605903273.2486897,0.0,0.0,0.0,0.7209423702576218,
1605903273.464976,0.0,0.0,0.0,0.7399789839597011,
1605903273.660795,0.0,0.0,0.0,0.7440285805144328,
1605903273.8645496,0.0,0.0,0.0,0.7283371444632981,
1605903274.0799365,0.0,0.0,0.0,0.6922246810363617,
1605903274.2698317,0.0,0.0,0.0,0.6710422668511759,
1605903274.4747715,0.0,0.0,0.0,0.6664588927854291,
1605903274.702437,0.0,0.0,0.0,0.6884335537819976,
1605903274.8822188,0.0,0.0,0.0,0.7126763919146955,
1605903275.1032007,0.0,0.0,0.0,0.7285809836774838,
1605903275.3243823,0.0,0.0,0.0,0.7228999221427552,
