1605903246.3283336,0.0,0.0,0.0,1.5435170312554198,
1605903246.5351717,0.0,0.0,0.0,1.544111163950629,
1605903246.7394226,0.0,0.0,0.0,1.5485670896780357,
1605903246.942554,0.0,0.0,0.0,1.5463314705000615,
1605903247.145435,0.0,0.0,0.0,1.548807985905934,
1605903247.3461444,0.0,0.0,0.0,1.5401314880396273,
1605903247.5515203,0.0,0.0,0.0,1.5390949191373007,
1605903247.7568686,0.0,0.0,0.0,1.5387978079340137,
1605903247.9679527,0.0,0.0,0.0,1.5431906988004591,
1605903248.17111,0.0,0.0,0.0,1.5441985076680913,
1605903248.3723192,0.0,0.0,0.0,1.5442197098773052,
1605903248.577674,0.0,0.0,0.0,1.5427424440165796,
1605903248.7828155,0.0,0.0,0.0,1.5400300455025393,
1605903248.9888644,0.0,0.0,0.0,1.538048728807309,
1605903249.1995344,0.0,0.0,0.0,1.5321885640329567,
1605903249.3948383,0.0,0.0,0.0,1.525152857315935,
1605903249.6001647,0.0,0.0,0.0,1.520453436956046,
1605903249.8028357,0.0,0.0,0.0,1.5102866194649998,
1605903250.0031872,0.0,0.0,0.0,1.5030905340996126,
1605903250.208485,0.0,0.0,0.0,1.4934116164911664,
1605903250.4123664,0.0,0.0,0.0,1.4903082576194981,
1605903250.6177237,0.0,0.0,0.0,1.4923688477536048,
1605903250.8238044,0.0,0.0,0.0,1.4892938880922946,
1605903251.0257256,0.0,0.0,0.0,1.4718551490394922,
1605903251.228043,0.0,0.0,0.0,1.4606377836235351,
1605903251.4534981,0.0,0.0,0.0,1.453289800609797,
1605903251.6500158,0.0,0.0,0.0,1.4502729363667581,
1605903251.855384,0.0,0.0,0.0,1.4425516415657664,
1605903252.0602334,0.0,0.0,0.0,1.4191383583087118,
1605903252.3066397,0.0,0.0,0.0,1.3971172686941822,
1605903252.4655907,0.0,0.0,0.0,1.3891022618201803,
1605903252.6769028,0.0,0.0,0.0,1.3967420355999742,
1605903252.8823042,0.0,0.0,0.0,1.371401094064691,
1605903253.0867069,0.0,0.0,0.0,1.3294663359729146,
1605903253.2884765,0.0,0.0,0.0,1.3007069800511315,
1605903253.4904335,0.0,0.0,0.0,1.30923944201804,
1605903253.691069,0.0,0.0,0.0,1.3209578574474896,
1605903253.8964086,0.0,0.0,0.0,1.3249818876393906,
1605903254.098415,0.0,0.0,0.0,1.3104311093890906,
1605903254.3028889,0.0,0.0,0.0,1.2879021037151854,
1605903254.5060084,0.0,0.0,0.0,1.273170469553057,
1605903254.7074404,0.0,0.0,0.0,1.26569139955905,
1605903254.9128296,0.0,0.0,0.0,1.2410738626934825,
1605903255.1160903,0.0,0.0,0.0,1.2036963804681642,
1605903255.3195875,0.0,0.0,0.0,1.165458545402954,
1605903255.5227928,0.0,0.0,0.0,1.1587888515466518,
1605903255.723407,0.0,0.0,0.0,1.1406229944456203,
1605903255.9248087,0.0,0.0,0.0,1.2364231140500563,
1605903256.1296375,0.0,0.0,0.0,1.1755282466842152,
1605903256.3330367,0.0,0.0,0.0,1.0510890356261675,
1605903256.5364547,0.0,0.0,0.0,1.0084455459216008,
1605903256.7405183,0.0,0.0,0.0,1.0399579853024499,
1605903256.9446428,0.0,0.0,0.0,1.0978798491995938,
1605903257.1565788,0.0,0.0,0.0,1.1246044278567764,
1605903257.361805,0.0,0.0,0.0,1.139629586182208,
1605903257.566304,0.0,0.0,0.0,1.1265326274660872,
1605903257.7721303,0.0,0.0,0.0,1.1035571189405569,
1605903257.9746647,0.0,0.0,0.0,1.0911282727711857,
1605903258.176953,0.0,0.0,0.0,1.0994316571415612,
1605903258.387928,0.0,0.0,0.0,1.119636646738361,
1605903258.5931594,0.0,0.0,0.0,1.1364457201293503,
1605903258.7948828,0.0,0.0,0.0,1.1435369925066743,
1605903258.9977458,0.0,0.0,0.0,1.1294102654780904,
1605903259.200005,0.0,0.0,0.0,1.0982273272432839,
1605903259.4047415,0.0,0.0,0.0,1.0812538449701417,
1605903259.620916,0.0,0.0,0.0,1.0729584276810449,
1605903259.826317,0.0,0.0,0.0,1.0717423283321614,
1605903260.0271678,0.0,0.0,0.0,1.0829223243613628,
1605903260.2281175,0.0,0.0,0.0,1.1079658752050072,
1605903260.4305468,0.0,0.0,0.0,1.1120611535122207,
1605903260.641525,0.0,0.0,0.0,1.1278876254442283,
1605903260.8473113,0.0,0.0,0.0,1.1185010997226565,
1605903261.0515516,0.0,0.0,0.0,1.1079459547519939,
1605903261.2732675,0.0,0.0,0.0,1.1091578374755695,
1605903261.4786685,0.0,0.0,0.0,1.1110904793274243,
1605903261.694542,0.0,0.0,0.0,1.1108215594921294,
1605903261.8968294,0.0,0.0,0.0,1.0965698455731252,
1605903262.098478,0.0,0.0,0.0,1.0675427185668636,
1605903262.3104753,0.0,0.0,0.0,1.0335184535195003,
1605903262.5149622,0.0,0.0,0.0,0.9993414591123365,
1605903262.718835,0.0,0.0,0.0,0.9470519998248256,
1605903262.923165,0.0,0.0,0.0,0.8985025925589077,
1605903263.1294158,0.0,0.0,0.0,0.8489878786818407,
1605903263.3323233,0.0,0.0,0.0,0.807807462593537,
1605903263.5389001,0.0,0.0,0.0,0.7663356291663007,
1605903263.7426393,0.0,0.0,0.0,0.7327246890864004,
1605903263.9480402,0.0,0.0,0.0,0.6950252249694396,
1605903264.159315,0.0,0.0,0.0,0.6469504720061747,
1605903264.369162,0.0,0.0,0.0,0.6017988645024817,
1605903264.573704,0.006317866009135676,5.5448286776959366e-05,-0.00041388176287676155,0.5604074554540361,
1605903264.7779267,0.022727659833246275,0.00018497811306119176,-0.0013913861776963762,0.5246889231042927,
1605903264.993559,0.05545406930586697,0.0012843956452984375,-0.0029730474767362116,0.4818669683877168,
1605903265.1989186,0.09129704895562503,0.00540406946746326,-0.0069086326021293954,0.44747023790183527,
1605903265.3998864,0.12398675300117222,0.011025937704033532,-0.011657341574549064,0.42114056218386886,
1605903265.6050782,0.17174326262479075,0.02099013199777498,-0.01594015947550421,0.3879946446666147,
1605903265.8083577,0.22585502538652394,0.03612693742859175,-0.026106461613366532,0.35413873756433656,
1605903266.009207,0.27625188348202023,0.046989636491894214,-0.03254733025058581,0.3260529372783746,
1605903266.212596,0.3198100415013931,0.05482721909411244,-0.03902568240511571,0.3033222452396055,
1605903266.4155607,0.3338499129924761,0.05630688623041154,-0.04719735788352671,0.2956321022016458,
1605903266.617735,0.3604605928678405,0.09052685492894058,-0.06566675550660835,0.2777388864332344,
1605903266.8182917,0.35277735872877314,0.09434381456789576,-0.062317922042290856,0.2811949556241953,
1605903267.0229046,0.38999818612279163,0.1924337189700111,-0.09914938683281883,0.2441571913038754,
1605903267.2265434,0.3731383927142787,0.26148366982471144,-0.11966368919102528,0.23134814799163364,
1605903267.43056,0.331506175354705,0.300939607724973,-0.13558570187923255,0.2313106028972595,
1605903267.6330962,0.33817914699567875,0.30504920505586386,-0.14632616025811537,0.22560014751372356,
1605903267.8443055,0.20825804024002167,0.3197608536959473,-0.13796245631562365,0.2582988112811164,
1605903268.0496297,0.2004301334709066,0.3194837463884795,-0.12666171229036416,0.2630896104628955,
1605903268.2505238,0.11631435501444178,0.27975303394207346,-0.08814696956260419,0.3051239015538352,
1605903268.461987,0.047462504511139314,0.19135758398675606,-0.05227163105674529,0.366871034935088,
1605903268.6730807,0.015931843459730796,0.1545304576163251,-0.042515502888156816,0.3937192295881199,
1605903268.8749123,-0.01533327552210201,0.1709038748989286,-0.04840676657732573,0.3823645656700365,
1605903269.0849726,-0.09390716521822152,0.20704031578069554,-0.05207865395515497,0.350597827331408,
1605903269.2874777,-0.20436730475842235,0.24426716034648632,-0.06460533174936722,0.3026794895821746,
1605903269.50355,-0.24528562610451204,0.19552219540288032,-0.051849035632181184,0.30698570565836525,
1605903269.7050936,-0.20664610183272625,0.12424048499821858,-0.038077055745836495,0.3458097413793495,
1605903269.9072578,-0.10962906129218973,0.06777484360708814,-0.0194572661194993,0.41676895136634373,
1605903270.1101046,-0.03687116204762236,0.024701666963270884,-0.006094220270292756,0.493733808546588,
1605903270.3160243,-0.012067855152019604,0.007390084810803758,-0.0016414363101805406,0.5404081488317891,
1605903270.5210173,-0.004409384912524175,0.0022170414092795784,-0.000531214798230728,0.5649077134301008,
1605903270.725366,-0.0029739880667053807,0.0011237117539701805,-0.0002787461347809964,0.5718982340470847,
1605903270.930714,-0.0015972034746590718,0.00043824996713172153,-0.00011817661187327376,0.5797520082777483,
1605903271.1331394,-0.0013766440731623976,0.00025121029342200363,-8.314049829743864e-05,0.581403306574714,
1605903271.3543308,-0.0005046859030875927,6.0724267932690855e-05,-3.012838294655049e-05,0.5887978188223747,
1605903271.5562851,0.0,0.0,0.0,0.607938885614967,
1605903271.7569518,0.0,0.0,0.0,0.6454819299106612,
1605903271.9587502,0.0,0.0,0.0,0.6844757964784426,
1605903272.161498,0.0,0.0,0.0,0.7217983684618338,
1605903272.3660622,0.0,0.0,0.0,0.7530504437755087,
1605903272.5712368,0.0,0.0,0.0,0.8000366051786054,
1605903272.7751083,0.0,0.0,0.0,0.8309315356175485,
1605903272.9779027,0.0,0.0,0.0,0.8665311748203185,
1605903273.1800199,0.0,0.0,0.0,0.9045499748681255,
1605903273.3853817,0.0,0.0,0.0,0.9463327388516979,
1605903273.590993,0.0,0.0,0.0,0.9872422808951099,
1605903273.7926662,0.0,0.0,0.0,1.0227089163100052,
1605903274.0136642,0.0,0.0,0.0,1.0435698100118638,
1605903274.2162,0.0,0.0,0.0,1.0498594091248414,
1605903274.4170058,0.0,0.0,0.0,1.0533713400242104,
1605903274.622409,0.0,0.0,0.0,1.0526030002234006,
1605903274.8248851,0.0,0.0,0.0,1.0519675487492939,
1605903275.0291066,0.0,0.0,0.0,1.0519769929504852,
1605903275.2334304,0.0,0.0,0.0,1.0511626962816072,
