1605903246.0850885,0.0,0.0,0.0,0.8991409110583828,
1605903246.273942,0.0,0.0,0.0,0.8989146283801878,
1605903246.4741752,0.0,0.0,0.0,0.8978376840589882,
1605903246.6752214,0.0,0.0,0.0,0.8972129265475796,
1605903246.8789964,0.0,0.0,0.0,0.8935253086961303,
1605903247.0901372,0.0,0.0,0.0,0.9026153059191159,
1605903247.3399353,0.0,0.0,0.0,0.9029257139867287,
1605903247.4947963,0.0,0.0,0.0,0.8958305717250666,
1605903247.697912,0.0,0.0,0.0,0.8826370741169083,
1605903247.898246,0.0,0.0,0.0,0.8724268758832874,
1605903248.100088,0.0,0.0,0.0,0.8698750993128805,
1605903248.332664,0.0,0.0,0.0,0.8676201088582804,
1605903248.5404775,0.0,0.0,0.0,0.8663768284147129,
1605903248.723809,0.0,0.0,0.0,0.8599067721967503,
1605903248.9356964,0.0,0.0,0.0,0.849696066823176,
1605903249.1536953,0.0,0.0,0.0,0.83427136250253,
1605903249.3491583,0.0,0.0,0.0,0.8251908189108264,
1605903249.5494487,0.0,0.0,0.0,0.8160380349997487,
1605903249.757647,0.0,0.0,0.0,0.7917577547153003,
1605903249.9529045,0.0,0.0,0.0,0.7486925214076526,
1605903250.1599638,0.0,0.0,0.0,0.701851715437387,
1605903250.3581517,0.0,0.0,0.0,0.6652492951727391,
1605903250.5625312,0.0,0.0,0.0,0.6476739410437347,
1605903250.7637913,0.0,0.0,0.0,0.636060792338688,
1605903250.9663684,0.0,0.0,0.0,0.6172018515594094,
1605903251.1727529,0.00035108493999928586,-0.001585528716276289,-8.01159932582708e-05,0.5799742776503424,
1605903251.3770795,0.0023577260622882974,-0.010022985257072474,-0.0005542709093702126,0.5494415922410346,
1605903251.587492,0.0066586076093791665,-0.02730781084509372,-0.0015100203990181158,0.5162127089585139,
1605903251.7881238,0.011773040423460958,-0.04671498432895694,-0.002117416756653473,0.49005412285316297,
1605903251.9934452,0.01744889957663234,-0.06119513284271264,-0.0037166182923313884,0.47331370620153823,
1605903252.1984742,0.02603502605349592,-0.08434239561972512,-0.005682705057260309,0.45031182892721,
1605903252.3999414,0.034132793438530123,-0.12224221477626995,-0.007163742584562741,0.4198006733841916,
1605903252.6060772,0.038962192915554174,-0.15505620217127616,-0.007033955820985397,0.3971189106202956,
1605903252.8178937,0.051935683095635427,-0.1970089612261087,-0.01198831187083577,0.36965921499030185,
1605903253.0166533,0.06482561747220732,-0.20831381925577824,-0.01685660458175171,0.3609617195133731,
1605903253.2181084,0.053971780572651944,-0.15883281944518765,-0.01299825547602088,0.3916089517862993,
1605903253.4413717,0.04392929881660693,-0.1412023622372974,-0.011833379687827782,0.4047460648547335,
1605903253.6270962,0.02539372242027156,-0.07811014440093118,-0.005385991487688975,0.455699471530179,
1605903253.8378713,0.046339862813448957,-0.13469351185996167,-0.009977211329716434,0.408615784515307,
1605903254.0474565,0.1155937920837248,-0.3005362407821796,-0.034625315883588706,0.3049633073665483,
1605903254.2454815,0.2519721511148475,-0.5157166355628403,-0.0872004802603072,0.18439126138337217,
1605903254.45077,0.3305959044896865,-0.5703619147580344,-0.10861944074676783,0.14028429865320347,
1605903254.6561446,0.22633231318304003,-0.37747655027331073,-0.07094387065446559,0.2461421620630538,
1605903254.8541708,0.01950875949522226,-0.030346426703201246,-0.005840047159842758,0.5039938554781755,
1605903255.0594249,0.0,0.0,0.0,0.712485905486292,
1605903255.2647321,0.0,0.0,0.0,0.7079277389454908,
1605903255.4690328,0.0885568298031418,-0.076954755094782,-0.01365149520106881,0.4261261621803625,
1605903255.680233,0.7136197972322497,0.08265427966427483,-0.1263979293957583,0.10197877963643581,
1605903255.885271,0.07166535872043071,0.5666597986216395,-0.05947502624585161,0.18857232337720845,
1605903256.0901246,0.027516279804375644,0.25762042867351015,-0.03789244029732228,0.3363395808264631,
1605903256.2946134,0.022512791847136407,0.058066552989631766,-0.009368262739724829,0.4736249559691539,
1605903256.5011106,0.0,0.0,0.0,0.7686774072800885,
1605903256.6984396,0.0,0.0,0.0,1.0516954672134413,
1605903256.9008288,0.0,0.0,0.0,1.1510238335621001,
1605903257.1049097,0.0,0.0,0.0,1.0573227192316559,
1605903257.3109882,0.0,0.0,0.0,0.8849858149455362,
1605903257.5122542,0.0,0.0,0.0,0.7666599176881604,
1605903257.7171543,0.0,0.0,0.0,0.7310345545885972,
1605903257.9213073,0.0,0.0,0.0,0.7527963617356387,
1605903258.1278331,0.0,0.0,0.0,0.7710636884045021,
1605903258.3293262,0.0,0.0,0.0,0.7617498185865794,
1605903258.5317059,0.0,0.0,0.0,0.7357781201468027,
1605903258.7325203,0.0,0.0,0.0,0.7106894674830037,
1605903258.96362,0.0,0.0,0.0,0.7007385872092935,
1605903259.1620343,0.0,0.0,0.0,0.7100516244178297,
1605903259.3647187,0.0,0.0,0.0,0.7156129797507268,
1605903259.5777466,0.0,0.0,0.0,0.7295846802800474,
1605903259.7689059,0.0,0.0,0.0,0.7261420211598637,
1605903259.9695854,0.0,0.0,0.0,0.6982641591121873,
1605903260.1722481,0.0,0.0,0.0,0.6647952780623012,
1605903260.37601,0.0,0.0,0.0,0.6603823881543236,
1605903260.581298,0.0,0.0,0.0,0.6740354072689038,
1605903260.7846415,0.0,0.0,0.0,0.6924578748589122,
1605903260.9898942,0.0,0.0,0.0,0.6908682748669243,
1605903261.1915798,0.0,0.0,0.0,0.6803100590113317,
1605903261.4071028,0.0,0.0,0.0,0.6852004302335681,
1605903261.602767,0.0,0.0,0.0,0.7338946301751279,
1605903261.8135753,0.0,0.0,0.0,0.7458591426958623,
1605903262.02617,0.0,0.0,0.0,0.7389310558462229,
1605903262.2155752,0.0,0.0,0.0,0.721136143698243,
1605903262.420779,0.0,0.0,0.0,0.6997824747635282,
1605903262.6273863,0.0,0.0,0.0,0.6934193087767089,
1605903262.825606,0.0,0.0,0.0,0.6958499745763871,
1605903263.0266132,0.0,0.0,0.0,0.7011450278797903,
1605903263.236761,0.0,0.0,0.0,0.6786431886782901,
1605903263.4337738,0.0,0.0,0.0,0.6714444725716857,
1605903263.6360054,0.0,0.0,0.0,0.6711559793111388,
1605903263.8471227,0.0,0.0,0.0,0.668890888574362,
1605903264.0473585,0.0,0.0,0.0,0.6947736759498154,
1605903264.249114,0.0,0.0,0.0,0.7227789121302203,
1605903264.4513087,0.0,0.0,0.0,0.7349742580432019,
1605903264.655271,0.0,0.0,0.0,0.7312577875687866,
1605903264.8605726,0.0,0.0,0.0,0.7177253666157206,
1605903265.0673463,0.0,0.0,0.0,0.6969865767814731,
1605903265.2719944,0.0,0.0,0.0,0.6819194197286708,
1605903265.4747074,0.0,0.0,0.0,0.6755062649694624,
1605903265.6792567,0.0,0.0,0.0,0.6782225003126855,
1605903265.883552,0.0,0.0,0.0,0.684681259946317,
1605903266.0854402,0.0,0.0,0.0,0.6951677143162858,
1605903266.298388,0.0,0.0,0.0,0.7114683623820418,
1605903266.4926116,0.0,0.0,0.0,0.7213149850407145,
1605903266.6945379,0.0,0.0,0.0,0.7170518752048812,
1605903266.9055583,0.0,0.0,0.0,0.7133328951705231,
1605903267.1101952,0.0,0.0,0.0,0.7056451092863906,
1605903267.3185077,0.0,0.0,0.0,0.6870090097430094,
1605903267.5293605,0.0,0.0,0.0,0.6761796653433713,
1605903267.71472,0.0,0.0,0.0,0.6719443062664092,
1605903267.918742,0.0,0.0,0.0,0.6620103708192957,
1605903268.128989,0.0,0.0,0.0,0.6728216313798064,
1605903268.3291302,0.0,0.0,0.0,0.6762697399603944,
1605903268.5327065,0.0,0.0,0.0,0.6801174320674042,
1605903268.7341259,0.0,0.0,0.0,0.6880269457174986,
1605903268.9390223,0.0,0.0,0.0,0.709760136101598,
1605903269.1400254,0.0,0.0,0.0,0.7285181248897663,
1605903269.3517125,0.0,0.0,0.0,0.7453398302073972,
1605903269.549588,0.0,0.0,0.0,0.7399167428812681,
1605903269.7543166,0.0,0.0,0.0,0.7411364320761714,
1605903269.9597518,0.0,0.0,0.0,0.72710472300584,
1605903270.1650984,0.0,0.0,0.0,0.7490842831868272,
1605903270.3697643,0.0,0.0,0.0,0.7364772882748775,
1605903270.5733519,0.0,0.0,0.0,0.722666926676518,
1605903270.7744558,0.0,0.0,0.0,0.6934584615663254,
1605903270.9801562,0.0,0.0,0.0,0.6757118681021015,
1605903271.1856546,0.0,0.0,0.0,0.679968240273128,
1605903271.3879488,0.0,0.0,0.0,0.7182415407459138,
1605903271.5990694,0.0,0.0,0.0,0.6934343518205519,
1605903271.8130004,0.0,0.0,0.0,0.7077470516651023,
1605903272.0082963,0.0,0.0,0.0,0.699785489177876,
1605903272.2105637,0.0,0.0,0.0,0.7084559593786337,
1605903272.4149144,0.0,0.0,0.0,0.7138538457513992,
1605903272.6199129,0.0,0.0,0.0,0.70355886800987,
1605903272.825168,0.0,0.0,0.0,0.7020927652276464,
1605903273.0272427,0.0,0.0,0.0,0.7064956825413042,
1605903273.2325609,0.0,0.0,0.0,0.729062265811535,
1605903273.4378982,0.0,0.0,0.0,0.7452169236803029,
1605903273.6425087,0.0,0.0,0.0,0.7486637629449512,
1605903273.8427558,0.0,0.0,0.0,0.7283371444632981,
1605903274.0465302,0.0,0.0,0.0,0.6922246810363617,
1605903274.2532775,0.0,0.0,0.0,0.6710422668511759,
1605903274.4534605,0.0,0.0,0.0,0.6664588927854291,
1605903274.6587996,0.0,0.0,0.0,0.6884335537819976,
1605903274.8705888,0.0,0.0,0.0,0.7126763919146955,
