1605903246.3283203,1.4854087829589844,-0.18663181364536285,0.5461888313293457
1605903246.5351586,1.4857248067855835,-0.18675534427165985,0.5434736609458923
1605903246.739409,1.4873666763305664,-0.18237125873565674,0.5340723395347595
1605903246.9425411,1.4849412441253662,-0.17567528784275055,0.5160205960273743
1605903247.1454217,1.4858630895614624,-0.16630835831165314,0.497042179107666
1605903247.3461316,1.4864956140518188,-0.1719026118516922,0.4894544184207916
1605903247.5514996,1.4887580871582031,-0.17057964205741882,0.4837894141674042
1605903247.756856,1.489688515663147,-0.1664683222770691,0.4813017249107361
1605903247.967939,1.4895620346069336,-0.1606960892677307,0.47865474224090576
1605903248.171096,1.4861772060394287,-0.15858885645866394,0.4776916801929474
1605903248.3723056,1.4831639528274536,-0.15725895762443542,0.48134174942970276
1605903248.5776606,1.4818464517593384,-0.16117213666439056,0.47343337535858154
1605903248.782804,1.4769481420516968,-0.16228970885276794,0.4705335199832916
1605903248.9888508,1.4707127809524536,-0.1628650426864624,0.47383028268814087
1605903249.19952,1.4572358131408691,-0.16344790160655975,0.4746015667915344
1605903249.3948257,1.4472742080688477,-0.16413246095180511,0.4734070599079132
1605903249.6001523,1.4393813610076904,-0.15683779120445251,0.47042354941368103
1605903249.8028252,1.432055950164795,-0.15094874799251556,0.4678235948085785
1605903250.0031621,1.4252084493637085,-0.1436898559331894,0.46335524320602417
1605903250.2084725,1.4130276441574097,-0.1406673640012741,0.4633319675922394
1605903250.4123535,1.4055593013763428,-0.13908691704273224,0.4638158977031708
1605903250.6177104,1.3968443870544434,-0.13057683408260345,0.46101564168930054
1605903250.8237932,1.385359525680542,-0.11622655391693115,0.4562806487083435
1605903251.0257146,1.3658849000930786,-0.10396000742912292,0.45280927419662476
1605903251.2280197,1.347985029220581,-0.09302227944135666,0.4559222459793091
1605903251.4534836,1.334412693977356,-0.08828219771385193,0.4499630630016327
1605903251.650003,1.320291519165039,-0.08212123811244965,0.4454801082611084
1605903251.8553705,1.3048202991485596,-0.07132846862077713,0.43446311354637146
1605903252.060228,1.2841273546218872,-0.05699378624558449,0.42873722314834595
1605903252.3066258,1.2637611627578735,-0.052721280604600906,0.4268389344215393
1605903252.4655771,1.2492707967758179,-0.05363959074020386,0.42551901936531067
1605903252.6768894,1.2408943176269531,-0.05210784077644348,0.4307211637496948
1605903252.8822916,1.2036008834838867,-0.0650646761059761,0.40896928310394287
1605903253.0866945,1.1616758108139038,-0.0721733570098877,0.4087941646575928
1605903253.2884634,1.1255123615264893,-0.07150361686944962,0.4110472798347473
1605903253.4904194,1.1052758693695068,-0.03495456278324127,0.41522470116615295
1605903253.691056,1.0861477851867676,0.0028567956760525703,0.41395747661590576
1605903253.8963954,1.070020079612732,0.03310646116733551,0.40535324811935425
1605903254.0984015,1.0475329160690308,0.0423985980451107,0.39533600211143494
1605903254.302876,1.0240027904510498,0.044931087642908096,0.3922637403011322
1605903254.5059915,0.9948889017105103,0.05606679245829582,0.39253661036491394
1605903254.7074275,0.9727584719657898,0.07826361805200577,0.39220359921455383
1605903254.912816,0.9498926401138306,0.09678347408771515,0.39201316237449646
1605903255.1160786,0.9246635437011719,0.10341661423444748,0.38781654834747314
1605903255.3195746,0.8918050527572632,0.11341302841901779,0.38031524419784546
1605903255.52278,0.8605608940124512,0.1427585482597351,0.3700731694698334
1605903255.7233942,0.8290007710456848,0.1691076010465622,0.3700312674045563
1605903255.9247954,0.8003268837928772,0.19465957581996918,0.36830416321754456
1605903256.1296246,0.7644109725952148,0.1942404806613922,0.3667753040790558
1605903256.3330314,0.7234904170036316,0.1817617565393448,0.362189918756485
1605903256.5364416,0.6841880679130554,0.1752244234085083,0.36617040634155273
1605903256.7405047,0.6479880213737488,0.19696827232837677,0.36212483048439026
1605903256.94463,0.6226078271865845,0.2339312732219696,0.3525688350200653
1605903257.1565657,0.6137603521347046,0.2643231749534607,0.35164523124694824
1605903257.361792,0.6119234561920166,0.28197699785232544,0.3540937304496765
1605903257.5662956,0.6130025386810303,0.28921109437942505,0.35360661149024963
1605903257.7721176,0.6043745875358582,0.2858169376850128,0.34983494877815247
1605903257.9746537,0.5984968543052673,0.2780607044696808,0.34152886271476746
1605903258.1769276,0.5987474322319031,0.268612802028656,0.34054914116859436
1605903258.3879137,0.6072626709938049,0.27832457423210144,0.34598100185394287
1605903258.593146,0.6142026782035828,0.27256786823272705,0.3487263023853302
1605903258.7948704,0.616020143032074,0.27023378014564514,0.3504205346107483
1605903258.9977329,0.6058654189109802,0.2597685158252716,0.3496130108833313
1605903259.1999922,0.5849456191062927,0.24798136949539185,0.34701400995254517
1605903259.4047287,0.5759127736091614,0.24494124948978424,0.34555545449256897
1605903259.620904,0.5764277577400208,0.24564962089061737,0.34933632612228394
1605903259.8263044,0.5833566784858704,0.25021234154701233,0.349610298871994
1605903260.0271547,0.5929282903671265,0.25125691294670105,0.3477576971054077
1605903260.2281044,0.5980027318000793,0.251254141330719,0.34792646765708923
1605903260.4305334,0.6021878123283386,0.24899332225322723,0.34626346826553345
1605903260.6415122,0.603447675704956,0.24770024418830872,0.3479279577732086
1605903260.847298,0.6052591800689697,0.2538056969642639,0.34791603684425354
1605903261.0515368,0.6078218221664429,0.26103872060775757,0.3447208106517792
1605903261.2732546,0.612108588218689,0.2608833611011505,0.34901756048202515
1605903261.478656,0.612108588218689,0.2608833611011505,0.34901756048202515
1605903261.6945302,0.6134408712387085,0.2583485543727875,0.3468598425388336
1605903261.896822,0.6146481037139893,0.26407355070114136,0.3500328063964844
1605903262.0984654,0.6146481037139893,0.26407355070114136,0.3500328063964844
1605903262.3104699,0.614116907119751,0.2758762240409851,0.3447278141975403
1605903262.5149426,0.6105635166168213,0.273165762424469,0.34413811564445496
1605903262.7188277,0.6053808927536011,0.2758170962333679,0.34764620661735535
1605903262.9231524,0.6092038154602051,0.2747759222984314,0.3483774960041046
1605903263.1294022,0.6074814796447754,0.27028653025627136,0.3474732041358948
1605903263.3323097,0.6077348589897156,0.262615829706192,0.35143160820007324
1605903263.5388873,0.608328640460968,0.2508677840232849,0.3506840765476227
1605903263.742626,0.609437108039856,0.24179136753082275,0.3494020402431488
1605903263.948027,0.6074063181877136,0.23893524706363678,0.34151095151901245
1605903264.1593022,0.6029311418533325,0.2368319034576416,0.33561497926712036
1605903264.3691468,0.5954544544219971,0.23424731194972992,0.34036198258399963
1605903264.5736907,0.5884504318237305,0.2321263700723648,0.3420200049877167
1605903264.7779214,0.5876744389533997,0.23119400441646576,0.3486647605895996
1605903264.9935453,0.5916951894760132,0.22571595013141632,0.3548649549484253
1605903265.1988933,0.6012151837348938,0.2205120176076889,0.35408708453178406
1605903265.3998804,0.6137409210205078,0.2157473862171173,0.3505306839942932
1605903265.605073,0.6172370910644531,0.21968723833560944,0.34211376309394836
1605903265.8083456,0.6119323372840881,0.23022539913654327,0.335381418466568
1605903266.009202,0.6032310128211975,0.23404788970947266,0.3439428508281708
1605903266.2125828,0.5964645147323608,0.23821894824504852,0.35017481446266174
1605903266.4155474,0.598892867565155,0.24214498698711395,0.35253462195396423
1605903266.6177251,0.6021173596382141,0.24856562912464142,0.3511727452278137
1605903266.8182783,0.6045932173728943,0.2550365626811981,0.35321661829948425
1605903267.0228913,0.6033613085746765,0.25942882895469666,0.3517169952392578
1605903267.2265298,0.6012489795684814,0.26111435890197754,0.35162270069122314
1605903267.4305484,0.5997698307037354,0.25701576471328735,0.3526577055454254
1605903267.6330824,0.5945425033569336,0.25099021196365356,0.34848877787590027
1605903267.8442912,0.5941568613052368,0.24531152844429016,0.3450170159339905
1605903268.0495546,0.5941209197044373,0.2555733919143677,0.3522127866744995
1605903268.250499,0.60161292552948,0.2746433615684509,0.36402440071105957
1605903268.4619737,0.6146808862686157,0.297881543636322,0.36607035994529724
1605903268.6730697,0.6187690496444702,0.28713494539260864,0.36304932832717896
1605903268.8749042,0.5944424867630005,0.25597211718559265,0.35784727334976196
1605903269.0849593,0.5944424867630005,0.25597211718559265,0.35784727334976196
1605903269.2874649,0.5892606377601624,0.23210610449314117,0.3577788174152374
1605903269.5035365,0.5892606377601624,0.23210610449314117,0.3577788174152374
1605903269.7050881,0.5882202386856079,0.22074075043201447,0.3480726182460785
1605903269.9072447,0.5893474817276001,0.23360282182693481,0.3435034453868866
1605903270.110091,0.5939820408821106,0.24879778921604156,0.3472248613834381
1605903270.3160107,0.601144015789032,0.25707605481147766,0.3526060879230499
1605903270.5210037,0.6071066856384277,0.2634457051753998,0.35119232535362244
1605903270.7253525,0.610881507396698,0.26254725456237793,0.352152019739151
1605903270.930701,0.6101658344268799,0.2600227892398834,0.3532085418701172
1605903271.1331265,0.6102901697158813,0.2549683451652527,0.3548177182674408
1605903271.3543177,0.6100040674209595,0.25233373045921326,0.35250258445739746
1605903271.5562716,0.6085895299911499,0.25070443749427795,0.3486599624156952
1605903271.756939,0.6039292812347412,0.2502446174621582,0.3489280343055725
1605903271.9587371,0.6005247235298157,0.2537647485733032,0.35221314430236816
1605903272.1614845,0.5964289903640747,0.256549209356308,0.3498314321041107
1605903272.3660486,0.5983459949493408,0.2573792338371277,0.35093697905540466
1605903272.5712233,0.5955191850662231,0.2528460919857025,0.35276228189468384
1605903272.7750945,0.6015923023223877,0.24896939098834991,0.3533051311969757
1605903272.9778888,0.6062372922897339,0.2474980354309082,0.35142210125923157
1605903273.180007,0.60922771692276,0.25091850757598877,0.34940415620803833
1605903273.3853683,0.6074832677841187,0.2571256458759308,0.3490331470966339
1605903273.5909872,0.6066585779190063,0.25894856452941895,0.35218483209609985
1605903273.792653,0.6006305813789368,0.26307085156440735,0.3511832654476166
1605903274.0136511,0.5983028411865234,0.2691757082939148,0.3562244474887848
1605903274.2161872,0.5992096662521362,0.27855125069618225,0.35673612356185913
1605903274.4169924,0.5998097658157349,0.28170880675315857,0.3599957227706909
1605903274.6223962,0.6037441492080688,0.2811445891857147,0.35157814621925354
1605903274.8248718,0.6039845943450928,0.26841726899147034,0.3488834500312805
1605903275.0290933,0.6018174886703491,0.24798986315727234,0.34600943326950073
1605903275.2334156,0.5996240973472595,0.2295580804347992,0.346903920173645
