1605903246.3988395,-0.15850001573562622,0.04811925068497658,0.4852818250656128
1605903246.6337826,-0.16165828704833984,0.04602707922458649,0.4894966185092926
1605903246.814946,-0.1729903370141983,0.0406930074095726,0.48602810502052307
1605903247.018438,-0.16812388598918915,0.04913000017404556,0.4875464141368866
1605903247.223678,-0.15876705944538116,0.05481593310832977,0.48855847120285034
1605903247.4287033,-0.14925456047058105,0.05605872720479965,0.48995715379714966
1605903247.6466677,-0.14551356434822083,0.05157539248466492,0.4825279712677002
1605903247.83631,-0.14723961055278778,0.04807119444012642,0.4803522527217865
1605903248.0396502,-0.15271224081516266,0.05190091207623482,0.4847049117088318
1605903248.2550128,-0.1559038907289505,0.054168958216905594,0.4854391813278198
1605903248.445572,-0.15910407900810242,0.05758420005440712,0.48452749848365784
1605903248.6509693,-0.1580059826374054,0.059832796454429626,0.4845024049282074
1605903248.8536806,-0.16265258193016052,0.057965755462646484,0.4775024950504303
1605903249.057817,-0.16552427411079407,0.05462346598505974,0.4700634181499481
1605903249.2784178,-0.16987012326717377,0.05712825059890747,0.47157400846481323
1605903249.4933517,-0.17473383247852325,0.05755932256579399,0.4719848334789276
1605903249.6900926,-0.18052874505519867,0.045529238879680634,0.4744718670845032
1605903249.8920639,-0.1899649053812027,0.01639733649790287,0.4675486385822296
1605903250.1077282,-0.19916276633739471,-0.013589488342404366,0.46114301681518555
1605903250.3022606,-0.20577548444271088,-0.03375950828194618,0.46566250920295715
1605903250.5177956,-0.21452033519744873,-0.03510721027851105,0.46497923135757446
1605903250.7301056,-0.21252189576625824,-0.027671074494719505,0.4619755744934082
1605903250.9274278,-0.20950651168823242,-0.023306578397750854,0.46283984184265137
1605903251.1604455,-0.2323470413684845,-0.04587765410542488,0.4600062072277069
1605903251.34885,-0.24364133179187775,-0.06364668905735016,0.45843756198883057
1605903251.5516837,-0.25550010800361633,-0.08254192024469376,0.46071505546569824
1605903251.7529047,-0.26351964473724365,-0.0920536071062088,0.4541681408882141
1605903251.9771113,-0.26351964473724365,-0.0920536071062088,0.4541681408882141
1605903252.1592355,-0.284974068403244,-0.09196155518293381,0.4534677267074585
1605903252.3606443,-0.29308459162712097,-0.09582003951072693,0.4454962909221649
1605903252.5741076,-0.29330477118492126,-0.10503172874450684,0.4424693286418915
1605903252.7663856,-0.299833208322525,-0.1171075627207756,0.4418082535266876
1605903252.971781,-0.318558007478714,-0.12107332795858383,0.4428386092185974
1605903253.1853907,-0.34220510721206665,-0.10306129604578018,0.44504430890083313
1605903253.376124,-0.364444375038147,-0.07332413643598557,0.4462207853794098
1605903253.5784814,-0.382220983505249,-0.05036069452762604,0.4443393051624298
1605903253.797311,-0.4004022181034088,-0.05872144550085068,0.4427117109298706
1605903253.9811642,-0.4091145694255829,-0.09922031313180923,0.4493172764778137
1605903254.1916509,-0.4087448716163635,-0.16196687519550323,0.4475327432155609
1605903254.4005182,-0.4163977801799774,-0.20150426030158997,0.437959760427475
1605903254.5967555,-0.4550118148326874,-0.17244870960712433,0.44026297330856323
1605903254.7975795,-0.5390133857727051,-0.05994998663663864,0.45993807911872864
1605903255.0043917,-0.6266075372695923,0.0552726611495018,0.48556268215179443
1605903255.2028286,-0.6925161480903625,0.09834139049053192,0.4740498661994934
1605903255.406555,-0.6899054646492004,-0.009624970145523548,0.4425652325153351
1605903255.6151977,-0.6178815960884094,-0.16973252594470978,0.431201308965683
1605903255.81483,-0.5515579581260681,-0.3211767077445984,0.4209196865558624
1605903256.0197825,-0.5451435446739197,-0.400191068649292,0.4242054522037506
1605903256.2225068,-0.6269915699958801,-0.428976833820343,0.4356732666492462
1605903256.4232838,-0.744398295879364,-0.544031023979187,0.44112637639045715
1605903256.626587,-0.7831412553787231,-0.6981930136680603,0.43683260679244995
1605903256.8329368,-0.7302097678184509,-0.7932182550430298,0.42405837774276733
1605903257.0336826,-0.6384025812149048,-0.7736915946006775,0.4183093309402466
1605903257.2376778,-0.5968068242073059,-0.693285346031189,0.4262426495552063
1605903257.4506207,-0.5799055099487305,-0.6321395039558411,0.42828112840652466
1605903257.6418514,-0.5871407389640808,-0.6139581799507141,0.42127981781959534
1605903257.8526907,-0.595650315284729,-0.6262214183807373,0.42135438323020935
1605903258.0608215,-0.6003753542900085,-0.6337655782699585,0.4202273488044739
1605903258.2587595,-0.5991207957267761,-0.628804087638855,0.421764075756073
1605903258.4641051,-0.5922117829322815,-0.6134021878242493,0.41791829466819763
1605903258.6975327,-0.5873029828071594,-0.5972511768341064,0.4144400954246521
1605903258.8865788,-0.5848691463470459,-0.5884156227111816,0.40937402844429016
1605903259.0914338,-0.5868492126464844,-0.5905812978744507,0.4090275466442108
1605903259.3005052,-0.5916832089424133,-0.594845175743103,0.4084036350250244
1605903259.4989276,-0.5941095948219299,-0.5976414680480957,0.4075187146663666
1605903259.7034404,-0.5956961512565613,-0.5975692868232727,0.40552574396133423
1605903259.9203568,-0.5966637134552002,-0.5962005257606506,0.4040622413158417
1605903260.120571,-0.5940781831741333,-0.5930271744728088,0.39795637130737305
1605903260.3259606,-0.5929350256919861,-0.5902695059776306,0.39777711033821106
1605903260.5369549,-0.5945796370506287,-0.5905902981758118,0.39846739172935486
1605903260.735507,-0.5945796370506287,-0.5905902981758118,0.39846739172935486
1605903260.9383383,-0.6011487245559692,-0.5929628014564514,0.40024620294570923
1605903261.1595306,-0.6011487245559692,-0.5929628014564514,0.40024620294570923
1605903261.3482451,-0.5996649861335754,-0.5954259037971497,0.39824727177619934
1605903261.5564497,-0.5995283126831055,-0.5945189595222473,0.39940381050109863
1605903261.7612195,-0.6013969779014587,-0.5968720316886902,0.3986761271953583
1605903261.9690351,-0.5965332984924316,-0.6000268459320068,0.3945986032485962
1605903262.170477,-0.5745518207550049,-0.6038255095481873,0.3940070569515228
1605903262.378574,-0.5411596894264221,-0.6017080545425415,0.3950463831424713
1605903262.58775,-0.5034162998199463,-0.6025229096412659,0.39904069900512695
1605903262.7934132,-0.4646502435207367,-0.6015294790267944,0.4003366231918335
1605903263.0104182,-0.4278251528739929,-0.5977942943572998,0.39818626642227173
1605903263.2212014,-0.3931102752685547,-0.5920694470405579,0.3962174654006958
1605903263.4234054,-0.3586890399456024,-0.5895350575447083,0.4001260995864868
1605903263.6300666,-0.3154761493206024,-0.5925326943397522,0.401252806186676
1605903263.8297412,-0.2755584418773651,-0.5951380729675293,0.3981981873512268
1605903264.0336645,-0.235789492726326,-0.6028640866279602,0.3936484158039093
1605903264.238099,-0.19527138769626617,-0.6052051782608032,0.3959427773952484
1605903264.4390786,-0.15366099774837494,-0.6043619513511658,0.39927786588668823
1605903264.6494553,-0.11664853245019913,-0.6010996699333191,0.40211984515190125
1605903264.8548794,-0.08021701872348785,-0.6002926230430603,0.39617785811424255
1605903265.0600784,-0.04083513095974922,-0.60246342420578,0.39553675055503845
1605903265.2643092,0.0002741223725024611,-0.6055114269256592,0.39526090025901794
1605903265.4742556,0.03973129391670227,-0.6085171103477478,0.39874401688575745
1605903265.6688745,0.0737045630812645,-0.6130874156951904,0.39866212010383606
1605903265.8733404,0.09690096974372864,-0.6159018874168396,0.4053293466567993
1605903266.0787916,0.1164042055606842,-0.6193810701370239,0.4079689085483551
1605903266.2825513,0.13462941348552704,-0.629923403263092,0.41451406478881836
1605903266.486674,0.15283586084842682,-0.6426498889923096,0.42456746101379395
1605903266.694285,0.1712552309036255,-0.6546615362167358,0.43823763728141785
1605903266.8950346,0.19055216014385223,-0.6679726839065552,0.4405374526977539
1605903267.0997605,0.20861691236495972,-0.6857408881187439,0.4468395709991455
1605903267.3069732,0.22506071627140045,-0.6961449384689331,0.45837825536727905
1605903267.5036902,0.24683627486228943,-0.715426504611969,0.4709351658821106
1605903267.7090218,0.2768816649913788,-0.7379697561264038,0.4832315444946289
1605903267.9121597,0.30283060669898987,-0.7783458232879639,0.49188554286956787
1605903268.1174943,0.32981887459754944,-0.8364365696907043,0.504136323928833
1605903268.322265,0.42182230949401855,-0.9399015307426453,0.5295196771621704
1605903268.5270445,0.42182230949401855,-0.9399015307426453,0.5295196771621704
1605903268.7277837,0.4998321235179901,-0.9700528979301453,0.5351521372795105
1605903268.9301066,0.6658437252044678,-0.9579827189445496,0.5045021176338196
1605903269.139816,0.7440764904022217,-0.905929684638977,0.4772298038005829
1605903269.3364716,0.8069923520088196,-0.8503428101539612,0.45292603969573975
1605903269.53743,0.8735550045967102,-0.8405018448829651,0.4421693682670593
1605903269.7648778,0.936083197593689,-0.8556032776832581,0.4471704065799713
1605903269.9508808,0.9906107187271118,-0.9021283388137817,0.4529817998409271
1605903270.165636,1.0486851930618286,-0.9247937798500061,0.4513925313949585
1605903270.395832,1.103312373161316,-0.9090616703033447,0.44623881578445435
1605903270.5795138,1.1478618383407593,-0.8534060716629028,0.4320160448551178
1605903270.784635,1.1786987781524658,-0.7646479606628418,0.4156704545021057
1605903270.9918027,1.197739601135254,-0.6920023560523987,0.41258591413497925
1605903271.1914802,1.215390682220459,-0.6443484425544739,0.4015447795391083
1605903271.3943727,1.2393583059310913,-0.6216529607772827,0.39988622069358826
1605903271.599737,1.2640316486358643,-0.6091436147689819,0.3979209065437317
1605903271.8031383,1.295479416847229,-0.5878316760063171,0.3935641050338745
1605903272.0084698,1.3329696655273438,-0.5773357152938843,0.38856884837150574
1605903272.210156,1.3705116510391235,-0.5753982663154602,0.38716036081314087
1605903272.4145894,1.3999650478363037,-0.5895983576774597,0.37960299849510193
1605903272.6264136,1.4319043159484863,-0.5954415202140808,0.3727357089519501
1605903272.8435085,1.4692997932434082,-0.5893085598945618,0.37592560052871704
1605903273.033501,1.5094971656799316,-0.5908621549606323,0.38868778944015503
1605903273.2486765,1.5497134923934937,-0.6094847917556763,0.3977321684360504
1605903273.464955,1.588260531425476,-0.6243018507957458,0.39932891726493835
1605903273.6607819,1.6232448816299438,-0.626693844795227,0.3962293565273285
1605903273.8645368,1.6540851593017578,-0.6132561564445496,0.391024112701416
1605903274.0799162,1.6794136762619019,-0.5930989384651184,0.3932788670063019
1605903274.2698185,1.6927624940872192,-0.582763135433197,0.39806249737739563
1605903274.4747584,1.7023594379425049,-0.5823424458503723,0.4050578773021698
1605903274.7024124,1.7069358825683594,-0.5925224423408508,0.4064532518386841
1605903274.882206,1.7111834287643433,-0.6034189462661743,0.40500879287719727
1605903275.1031876,1.7184816598892212,-0.6077768802642822,0.40789636969566345
1605903275.3243682,1.720560073852539,-0.6021352410316467,0.4100133180618286
