1605903246.085068,0.02471737749874592,-0.9273859262466431,0.4345463216304779
1605903246.27393,0.024708107113838196,-0.9316088557243347,0.4343363642692566
1605903246.4741611,0.023983174934983253,-0.9316547513008118,0.43605953454971313
1605903246.6752076,0.022762781009078026,-0.9323453903198242,0.4328415095806122
1605903246.8789825,0.024806661531329155,-0.9313305616378784,0.4300007224082947
1605903247.0901244,0.02742014080286026,-0.9326819777488708,0.4323628544807434
1605903247.3399122,0.03228306025266647,-0.9278438091278076,0.42740562558174133
1605903247.494783,0.03261499106884003,-0.9212808012962341,0.4315667450428009
1605903247.6978989,0.03194413706660271,-0.9135111570358276,0.43064025044441223
1605903247.8982315,0.026660608127713203,-0.9069907665252686,0.42352449893951416
1605903248.1000738,0.01988225057721138,-0.9007541537284851,0.4271099865436554
1605903248.3326488,0.015431295149028301,-0.8964143395423889,0.42778223752975464
1605903248.5404549,0.011309043504297733,-0.892022430896759,0.42893263697624207
1605903248.7237957,0.005077081266790628,-0.8841899633407593,0.4241206645965576
1605903248.9356825,-0.0027812300249934196,-0.8764857053756714,0.42125093936920166
1605903249.1536832,-0.014980736188590527,-0.8661683201789856,0.42166808247566223
1605903249.3491437,-0.022868847474455833,-0.8551366925239563,0.4252992868423462
1605903249.5494354,-0.026889918372035027,-0.8453932404518127,0.42788803577423096
1605903249.7576394,-0.026720287278294563,-0.8311617970466614,0.4198122024536133
1605903249.9528909,-0.029597265645861626,-0.8154718279838562,0.41700252890586853
1605903250.1599548,-0.03782670199871063,-0.7977696061134338,0.41643965244293213
1605903250.3581433,-0.04883650317788124,-0.780653178691864,0.4168485701084137
1605903250.5625236,-0.06274542212486267,-0.7657419443130493,0.4185725152492523
1605903250.7637863,-0.07208720594644547,-0.7487559914588928,0.4161483943462372
1605903250.9663548,-0.07658658176660538,-0.7273806929588318,0.4160494804382324
1605903251.172748,-0.08565764129161835,-0.7083391547203064,0.41537439823150635
1605903251.3770707,-0.09531249105930328,-0.694210946559906,0.4119439721107483
1605903251.587471,-0.10989570617675781,-0.6796844005584717,0.4166887104511261
1605903251.7881105,-0.11957074701786041,-0.663237452507019,0.4196486175060272
1605903251.9934328,-0.11896876990795135,-0.6390252113342285,0.4102429747581482
1605903252.1984549,-0.12325425446033478,-0.6158648729324341,0.4064026176929474
1605903252.3999364,-0.15368591248989105,-0.5950585007667542,0.40648722648620605
1605903252.6060674,-0.17236386239528656,-0.5863351821899414,0.41335758566856384
1605903252.8178737,-0.18047820031642914,-0.5698599815368652,0.40507397055625916
1605903253.0166485,-0.1823102831840515,-0.5588984489440918,0.3956006169319153
1605903253.2180955,-0.18487468361854553,-0.5660668611526489,0.394523561000824
1605903253.4413514,-0.1931091845035553,-0.5823017358779907,0.39149436354637146
1605903253.6270847,-0.21106648445129395,-0.5768255591392517,0.3959369659423828
1605903253.8378646,-0.23565399646759033,-0.537585973739624,0.39541685581207275
1605903254.0474505,-0.2652095854282379,-0.4733637869358063,0.39184296131134033
1605903254.245477,-0.28638482093811035,-0.41240373253822327,0.39107224345207214
1605903254.4507651,-0.29870763421058655,-0.40454965829849243,0.38640260696411133
1605903254.6561394,-0.2809857130050659,-0.462689071893692,0.3675316572189331
1605903254.8541617,-0.21974727511405945,-0.5565774440765381,0.3325061500072479
1605903255.0594192,-0.17279429733753204,-0.5963829159736633,0.3137142062187195
1605903255.264727,-0.1996254026889801,-0.5248615741729736,0.32768043875694275
1605903255.4690254,-0.2974690794944763,-0.3506471812725067,0.36190375685691833
1605903255.6802282,-0.42254722118377686,-0.14710812270641327,0.3850705623626709
1605903255.8852665,-0.5156946778297424,-0.03760484606027603,0.381235808134079
1605903256.09012,-0.4996587336063385,0.02565925009548664,0.3406897783279419
1605903256.294608,-0.42368170619010925,0.09541405737400055,0.3228686451911926
1605903256.5011044,-0.4204188585281372,0.2520895004272461,0.3153095543384552
1605903256.6984313,-0.47226542234420776,0.40567800402641296,0.3308729827404022
1605903256.9008243,-0.5566421747207642,0.44415655732154846,0.36210277676582336
1605903257.1049044,-0.6041969656944275,0.3829500377178192,0.3981602191925049
1605903257.3109748,-0.6260167956352234,0.29123377799987793,0.4181230664253235
1605903257.5122485,-0.6104370951652527,0.23395071923732758,0.42086759209632874
1605903257.7171476,-0.5952856540679932,0.2170296013355255,0.4179036319255829
1605903257.921291,-0.5890339612960815,0.22654402256011963,0.4183608591556549
1605903258.1278257,-0.5976296663284302,0.2372937798500061,0.4201560318470001
1605903258.3293118,-0.6093877553939819,0.23287703096866608,0.41816002130508423
1605903258.531693,-0.6194047331809998,0.221929669380188,0.415408730506897
1605903258.7325156,-0.6245193481445312,0.21258357167243958,0.4146270453929901
1605903258.9636116,-0.6208624839782715,0.2094232589006424,0.4132809638977051
1605903259.1620264,-0.611095666885376,0.21496830880641937,0.4113887548446655
1605903259.3647053,-0.6030709743499756,0.22066468000411987,0.4146106243133545
1605903259.577726,-0.5947049856185913,0.23192286491394043,0.4132983982563019
1605903259.7688942,-0.5869740843772888,0.228522390127182,0.40286004543304443
1605903259.9695802,-0.5880606770515442,0.20195400714874268,0.3940125107765198
1605903260.1722393,-0.5932443737983704,0.1717616766691208,0.39493390917778015
1605903260.376005,-0.6060871481895447,0.16999484598636627,0.4003291726112366
1605903260.5812933,-0.6215783357620239,0.18293920159339905,0.40108150243759155
1605903260.7846258,-0.6223751306533813,0.201377272605896,0.4005315601825714
1605903260.9898844,-0.6109356880187988,0.19784095883369446,0.39774495363235474
1605903261.1915686,-0.5967409610748291,0.18732787668704987,0.3969572186470032
1605903261.4070728,-0.59390789270401,0.1897527277469635,0.39929038286209106
1605903261.6027572,-0.5958483219146729,0.23935061693191528,0.4047180712223053
1605903261.8135705,-0.5808465480804443,0.2487373799085617,0.3983725905418396
1605903262.0261443,-0.5514433979988098,0.23765990138053894,0.4018876850605011
1605903262.2155633,-0.5164400339126587,0.21523164212703705,0.39974892139434814
1605903262.420774,-0.48458799719810486,0.19604797661304474,0.40112629532814026
1605903262.627368,-0.4365991950035095,0.18807420134544373,0.4014660120010376
1605903262.8255923,-0.38423290848731995,0.19024378061294556,0.40264737606048584
1605903263.0266001,-0.3364652097225189,0.18929217755794525,0.4020859897136688
1605903263.2367535,-0.2945420742034912,0.1802169382572174,0.40818676352500916
1605903263.4337602,-0.25304004549980164,0.17463423311710358,0.4033134877681732
1605903263.6359923,-0.21889513731002808,0.17254918813705444,0.3994182348251343
1605903263.8471017,-0.18223486840724945,0.16806399822235107,0.40074920654296875
1605903264.0473433,-0.13952168822288513,0.18603387475013733,0.3997894525527954
1605903264.2491012,-0.10362357646226883,0.21245065331459045,0.3981240689754486
1605903264.451295,-0.06942695379257202,0.22635255753993988,0.39948317408561707
1605903264.6552582,-0.03492322191596031,0.2261267453432083,0.3994852900505066
1605903264.86056,0.011464016512036324,0.21227696537971497,0.39634203910827637
1605903265.067326,0.05745265260338783,0.18832553923130035,0.4089505672454834
1605903265.2719805,0.0986490249633789,0.16994111239910126,0.4151031970977783
1605903265.4746947,0.13646043837070465,0.1609276384115219,0.40161076188087463
1605903265.6792433,0.1685986965894699,0.15931138396263123,0.40370768308639526
1605903265.883539,0.18815889954566956,0.1634453386068344,0.40914657711982727
1605903266.0854275,0.20395663380622864,0.17092864215373993,0.4140372574329376
1605903266.2983687,0.21533988416194916,0.17745521664619446,0.4248333275318146
1605903266.4925988,0.22817152738571167,0.1751554310321808,0.4333595335483551
1605903266.6945248,0.24551744759082794,0.15900835394859314,0.4377906620502472
1605903266.9055412,0.2730777859687805,0.14115026593208313,0.445006400346756
1605903267.110176,0.3080717921257019,0.11372645944356918,0.45181241631507874
1605903267.3133128,0.3451439440250397,0.08164399117231369,0.46113157272338867
1605903267.5293403,0.3723040819168091,0.05052352324128151,0.4767020642757416
1605903267.7147071,0.3904392123222351,0.025532841682434082,0.49138498306274414
1605903267.9187286,0.41801273822784424,-0.025141391903162003,0.5006014108657837
1605903268.128968,0.45660853385925293,-0.0741134062409401,0.5105434060096741
1605903268.3291168,0.5087144374847412,-0.12935009598731995,0.5216749906539917
1605903268.5326939,0.5712035894393921,-0.1742248684167862,0.5322927236557007
1605903268.73411,0.63478684425354,-0.19370394945144653,0.5276687741279602
1605903268.9390087,0.7063788771629333,-0.17912253737449646,0.5106900334358215
1605903269.1400125,0.7724510431289673,-0.1364893913269043,0.4894729554653168
1605903269.3516877,0.8386922478675842,-0.06602353602647781,0.46291378140449524
1605903269.5495749,0.9000511765480042,-0.01563139818608761,0.44537296891212463
1605903269.754304,0.9620946645736694,-0.0040413266979157925,0.4399271607398987
1605903269.9597292,1.0202583074569702,-0.032794732600450516,0.4454757571220398
1605903270.1650858,1.0791853666305542,-0.076261967420578,0.454153448343277
1605903270.3697507,1.1408677101135254,-0.07343867421150208,0.4504883885383606
1605903270.5733378,1.1951267719268799,-0.03221115097403526,0.44564691185951233
1605903270.7744422,1.23515784740448,0.026666462421417236,0.4301683008670807
1605903270.980151,1.2627426385879517,0.08096497505903244,0.41758716106414795
1605903271.185634,1.2785307168960571,0.13302767276763916,0.4086276590824127
1605903271.3879344,1.2917439937591553,0.17030616104602814,0.4067666232585907
1605903271.5990565,1.3116517066955566,0.18285894393920898,0.3963886797428131
1605903271.8129807,1.3458733558654785,0.1944422572851181,0.39527881145477295
1605903272.0082839,1.382270097732544,0.2072175145149231,0.3981457054615021
1605903272.2105503,1.4497042894363403,0.22264117002487183,0.39189282059669495
1605903272.4149,1.4497042894363403,0.22264117002487183,0.39189282059669495
1605903272.6199079,1.5304820537567139,0.2017916440963745,0.392948716878891
1605903272.8251545,1.5709750652313232,0.20612458884716034,0.3932763636112213
1605903273.0272288,1.6119292974472046,0.209086611866951,0.39367926120758057
1605903273.2325475,1.6519447565078735,0.21323992311954498,0.3936026692390442
1605903273.437885,1.6919845342636108,0.21452641487121582,0.3989824652671814
1605903273.6424963,1.721189260482788,0.21627573668956757,0.4025035798549652
1605903273.8427427,1.7395923137664795,0.21062248945236206,0.39843547344207764
1605903274.0465171,1.7455564737319946,0.19635970890522003,0.3929329216480255
1605903274.2532585,1.7487075328826904,0.18623818457126617,0.39441561698913574
1605903274.4534476,1.7511472702026367,0.18253706395626068,0.39886778593063354
1605903274.658786,1.7524195909500122,0.19457624852657318,0.40059220790863037
1605903274.8705657,1.751696228981018,0.20824457705020905,0.40301984548568726
